{"model":{"version":3,"nodes":[{"name":"RootNode","position":[0,0,0],"rotation":[0,0,0],"scale":[0.01,0.01,0.01],"scaleCompensation":false},{"name":"Object025","position":[0,53.234,0],"rotation":[-90,0,0],"scale":[1,1,1],"scaleCompensation":false},{"name":"Bip003","position":[0,52.2302,0],"rotation":[8.02618,-93.0907,-98.323],"scale":[1,1,1],"scaleCompensation":false},{"name":"Bip003 Pelvis","position":[0,0,0],"rotation":[-92.1556,-85.4877,2.07089],"scale":[1,1,1],"scaleCompensation":false},{"name":"Bip003 Spine","position":[3.74284,-0.295827,-0.0111011],"rotation":[-0.77812,1.04817,1.06109],"scale":[1,1,1],"scaleCompensation":false},{"name":"Bip003 L Thigh","position":[-3.83472,0.29279,5.32638],"rotation":[178.147,-1.29087,165.275],"scale":[1,1,1],"scaleCompensation":false},{"name":"Bip003 L Calf","position":[25.6084,0,4.76837e-07],"rotation":[-1.86763e-07,-3.20165e-07,-25.0891],"scale":[1,1,1],"scaleCompensation":false},{"name":"Bip003 L Foot","position":[22.6471,-8.9407e-07,4.76837e-07],"rotation":[3.15611,-0.403558,7.49895],"scale":[1,1,1],"scaleCompensation":false},{"name":"Bip003 L Toe0","position":[4.78312,7.24647,4.76837e-07],"rotation":[-1.07734,-1.32848,95.7805],"scale":[1,1,1],"scaleCompensation":false},{"name":"Bip003 L Toe0Nub","position":[2.82706,-2.98023e-08,0],"rotation":[2.66804e-08,-2.08024e-07,180],"scale":[-1,-1,-1],"scaleCompensation":false},{"name":"Bip003 R Thigh","position":[-3.63787,0.438877,-5.43097],"rotation":[-178.183,2.82294,171.535],"scale":[1,1,1],"scaleCompensation":false},{"name":"Bip003 R Calf","position":[25.6084,9.53674e-07,0],"rotation":[-1.60083e-07,-4.26887e-07,-19.3796],"scale":[1,1,1],"scaleCompensation":false},{"name":"Bip003 R Foot","position":[22.6471,7.15256e-07,9.53674e-07],"rotation":[10.1889,0.88543,12.4192],"scale":[1,1,1],"scaleCompensation":false},{"name":"Bip003 R Toe0","position":[4.78312,7.24647,-4.76837e-07],"rotation":[0.422275,0.561558,91.5695],"scale":[1,1,1],"scaleCompensation":false},{"name":"Bip003 R Toe0Nub","position":[2.82706,0,4.76837e-07],"rotation":[0,-9.66332e-07,0],"scale":[1,1,1],"scaleCompensation":false},{"name":"Bip003 Spine1","position":[0.829624,-0.008075,-0.000396073],"rotation":[2.80771,-0.655994,0.819742],"scale":[1,1,1],"scaleCompensation":false},{"name":"Bip003 Spine2","position":[10.1544,-0.00733256,0.000141926],"rotation":[-1.10884,-0.314727,1.37678],"scale":[1,1,1],"scaleCompensation":false},{"name":"Bip003 Neck","position":[9.2133,0.902913,-6.28531e-05],"rotation":[1.12064,1.52777,-2.48632],"scale":[1,1,1],"scaleCompensation":false},{"name":"Bip003 Head","position":[4.12269,-2.38419e-07,1.19209e-07],"rotation":[0.104454,-0.631034,1.07994],"scale":[1,1,1],"scaleCompensation":false},{"name":"Bip003 HeadNub","position":[11.427,-2.38419e-07,0],"rotation":[-1.83428e-07,-0,0],"scale":[1,1,1],"scaleCompensation":false},{"name":"Bip003 L Clavicle","position":[-0.0147629,-1.6677,4.56448],"rotation":[59.8091,-70.005,123.776],"scale":[1,1,1],"scaleCompensation":false},{"name":"Bip003 L UpperArm","position":[4.83361,4.76837e-07,7.62939e-06],"rotation":[25.9916,60.9407,-22.6382],"scale":[1,1,1],"scaleCompensation":false},{"name":"Bip003 L Forearm","position":[14.5877,-1.90735e-06,0],"rotation":[0,2.56132e-06,-47.859],"scale":[1,1,1],"scaleCompensation":false},{"name":"Bip003 L Hand","position":[14.0542,0,1.90735e-06],"rotation":[-89.6486,11.1046,-28.0647],"scale":[1,1,1],"scaleCompensation":false},{"name":"Bip003 L Finger0","position":[2.17906,1.8363,-2.45518],"rotation":[97.3589,17.1827,17.1136],"scale":[1,1,1],"scaleCompensation":false},{"name":"Bip003 L Finger01","position":[2.68632,3.8147e-06,-1.90735e-06],"rotation":[8.53774e-07,-0,0],"scale":[1,1,1],"scaleCompensation":false},{"name":"Bip003 L Finger0Nub","position":[2.59554,0,1.90735e-06],"rotation":[8.53774e-07,-0,0],"scale":[1,1,1],"scaleCompensation":false},{"name":"Bip003 L Finger1","position":[6.01728,0.394051,-1.49615],"rotation":[-0.126016,-1.47307,15.4557],"scale":[1,1,1],"scaleCompensation":false},{"name":"Bip003 L Finger11","position":[2.10675,-1.90735e-06,0],"rotation":[0,-0,-2.13443e-07],"scale":[1,1,1],"scaleCompensation":false},{"name":"Bip003 L Finger1Nub","position":[2.99714,1.90735e-06,-3.8147e-06],"rotation":[0,-0,-2.13443e-07],"scale":[1,1,1],"scaleCompensation":false},{"name":"Bip003 L Finger2","position":[6.1156,0.365097,-0.215183],"rotation":[-0.65506,-3.61435,16.0085],"scale":[1,1,1],"scaleCompensation":false},{"name":"Bip003 L Finger21","position":[2.13276,0,0],"rotation":[0,1.70755e-06,0],"scale":[1,1,1],"scaleCompensation":false},{"name":"Bip003 L Finger2Nub","position":[3.12994,0,0],"rotation":[0,1.70755e-06,0],"scale":[1,1,1],"scaleCompensation":false},{"name":"Bip003 L Finger3","position":[5.96099,0.434572,1.18172],"rotation":[-3.73637,0.729359,16.9977],"scale":[1,1,1],"scaleCompensation":false},{"name":"Bip003 L Finger31","position":[2.05755,0,0],"rotation":[5.33609e-08,-0,-5.33609e-08],"scale":[1,1,1],"scaleCompensation":false},{"name":"Bip003 L Finger3Nub","position":[2.79982,0,0],"rotation":[5.33609e-08,-0,-5.33609e-08],"scale":[1,1,1],"scaleCompensation":false},{"name":"Bip003 L Finger4","position":[5.74922,0.697001,2.29194],"rotation":[-0.0427409,1.23337,20.5193],"scale":[1,1,1],"scaleCompensation":false},{"name":"Bip003 L Finger41","position":[1.48991,9.53674e-07,-3.8147e-06],"rotation":[-2.13443e-07,-0,1.06722e-07],"scale":[1,1,1],"scaleCompensation":false},{"name":"Bip003 L Finger4Nub","position":[2.15872,-9.53674e-07,0],"rotation":[-2.13443e-07,-0,1.06722e-07],"scale":[1,1,1],"scaleCompensation":false},{"name":"Bip003 R Clavicle","position":[0.226776,-1.84479,-4.48999],"rotation":[-64.3728,73.5173,119.439],"scale":[1,1,1],"scaleCompensation":false},{"name":"Bip003 R UpperArm","position":[4.9739,0,7.62939e-06],"rotation":[-33.6844,-62.7824,-13.7319],"scale":[1,1,1],"scaleCompensation":false},{"name":"Bip003 R Forearm","position":[14.5877,0,1.90735e-06],"rotation":[-8.53774e-07,-8.53774e-07,-49.1147],"scale":[1,1,1],"scaleCompensation":false},{"name":"Bip003 R Hand","position":[14.1902,1.90735e-06,0],"rotation":[89.652,-7.10188,-28.0863],"scale":[1,1,1],"scaleCompensation":false},{"name":"Bip003 R Finger0","position":[2.17906,1.8363,2.45519],"rotation":[-97.4635,-19.6013,17.4451],"scale":[1,1,1],"scaleCompensation":false},{"name":"Bip003 R Finger01","position":[2.97221,-3.8147e-06,0],"rotation":[0,0,0],"scale":[1,1,1],"scaleCompensation":false},{"name":"Bip003 R Finger0Nub","position":[2.97221,7.62939e-06,0],"rotation":[-0,0,-180],"scale":[-1,-1,-1],"scaleCompensation":false},{"name":"Bip003 R Finger1","position":[6.01504,0.393948,1.47477],"rotation":[0.126016,1.47307,15.4557],"scale":[1,1,1],"scaleCompensation":false},{"name":"Bip003 R Finger11","position":[2.10675,0,0],"rotation":[0,-1.70755e-06,-2.13443e-07],"scale":[1,1,1],"scaleCompensation":false},{"name":"Bip003 R Finger1Nub","position":[2.99714,9.53674e-07,0],"rotation":[-0,1.70755e-06,180],"scale":[-1,-1,-1],"scaleCompensation":false},{"name":"Bip003 R Finger2","position":[6.11332,0.364994,0.193417],"rotation":[0.655059,3.61434,16.0085],"scale":[1,1,1],"scaleCompensation":false},{"name":"Bip003 R Finger21","position":[2.13276,9.53674e-07,3.8147e-06],"rotation":[0,0,0],"scale":[1,1,1],"scaleCompensation":false},{"name":"Bip003 R Finger2Nub","position":[3.12994,0,0],"rotation":[-0,0,-180],"scale":[-1,-1,-1],"scaleCompensation":false},{"name":"Bip003 R Finger3","position":[5.96008,0.434532,-1.19029],"rotation":[3.73637,-0.729356,16.9977],"scale":[1,1,1],"scaleCompensation":false},{"name":"Bip003 R Finger31","position":[2.05755,0,0],"rotation":[-1.60083e-07,-0,-2.66804e-08],"scale":[1,1,1],"scaleCompensation":false},{"name":"Bip003 R Finger3Nub","position":[2.79982,0,-3.8147e-06],"rotation":[1.60083e-07,0,180],"scale":[-1,-1,-1],"scaleCompensation":false},{"name":"Bip003 R Finger4","position":[5.74922,0.697002,-2.29194],"rotation":[0.0427411,-1.23337,20.5193],"scale":[1,1,1],"scaleCompensation":false},{"name":"Bip003 R Finger41","position":[1.48991,0,0],"rotation":[5.33609e-08,-1.70755e-06,-1.06722e-07],"scale":[1,1,1],"scaleCompensation":false},{"name":"Bip003 R Finger4Nub","position":[2.15872,0,0],"rotation":[-5.33609e-08,1.70755e-06,180],"scale":[-1,-1,-1],"scaleCompensation":false}],"parents":[-1,0,0,2,3,4,5,6,7,8,4,10,11,12,13,4,15,16,17,18,17,20,21,22,23,24,25,23,27,28,23,30,31,23,33,34,23,36,37,17,39,40,41,42,43,44,42,46,47,42,49,50,42,52,53,42,55,56],"skins":[{"inverseBindMatrices":[[1.34309e-06,-1.40269e-06,1,0,1,1.88394e-12,-1.34309e-06,0,0,1,1.40269e-06,0,-81.3071,-0.906195,0.000107932,1],[0.0879684,0.00812047,-0.99609,0,-0.992934,-0.0792446,-0.0883357,0,-0.0796521,0.996822,0.00109207,0,26.8804,1.8609,10.0615,1],[0.983199,-0.0121869,0.182132,0,-0.182145,6.98492e-10,0.983272,0,-0.0119831,-0.999926,-0.00221979,0,9.60056,-0.801384,-76.7506,1],[0.242287,0.246809,0.938287,0,-0.891684,-0.324486,0.315607,0,0.382356,-0.913123,0.141457,0,38.02,11.4829,-38.8404,1],[0.312228,0.148766,0.938287,0,-0.94889,0.000942916,0.315607,0,0.0460668,-0.988872,0.141457,0,37.129,-1.32912,-38.8404,1],[0.297127,-0.954092,0.0377354,0,-0.952455,-0.298944,-0.0588416,0,0.067421,-0.0184578,-0.997554,0,36.8293,40.6322,2.58538,1],[0.00766021,-0.999258,0.0377361,0,-0.998218,-0.00987433,-0.0588415,0,0.0591705,-0.0372181,-0.997554,0,45.0141,28.8161,2.58536,1],[0.289209,-0.95709,0.0183439,0,-0.956799,-0.289614,-0.0256899,0,0.0299002,-0.0101217,-0.999502,0,37.1192,40.3357,0.281801,1],[-0.0981385,-0.995004,0.0183438,0,-0.994889,0.0976535,-0.0256897,0,0.02377,-0.0207712,-0.999502,0,47.7368,23.9212,0.281795,1],[0.269601,-0.962899,-0.0118783,0,-0.957218,-0.266623,-0.112456,0,0.105116,0.0416882,-0.993586,0,37.8623,39.4136,3.82268,1],[-0.157417,-0.987461,-0.0118789,0,-0.981055,0.157749,-0.112456,0,0.112919,-0.00604861,-0.993586,0,48.9983,20.8465,3.8227,1],[0.209578,-0.976448,0.0512535,0,-0.971326,-0.213924,-0.103741,0,0.112262,-0.0280421,-0.993283,0,40.3392,36.8573,0.549781,1],[0.0259808,-0.998348,0.0512538,0,-0.994115,-0.0311966,-0.103741,0,0.105168,-0.0482569,-0.993283,0,44.978,29.0639,0.549775,1],[0.000680447,0.0856218,-0.996327,0,-0.999945,0.010524,0.000221491,0,0.0105043,0.996272,0.0856242,0,5.2489,0.643009,9.72896,1],[0.545724,0.0467893,0.836658,0,-0.832547,-0.0830807,0.547688,0,0.0951362,-0.995444,-0.00638478,0,44.3007,1.98511,-49.5796,1],[0.539537,-0.840623,0.0474587,0,-0.836564,-0.541598,-0.0826496,0,0.0951807,0.00489032,-0.995448,0,30.6114,49.3567,1.94581,1],[0.0883424,0.000139202,-0.99609,0,-0.996032,0.0107973,-0.0883357,0,0.0107428,0.999942,0.00109251,0,52.547,-0.575524,10.0615,1],[0.085636,-0.000680527,-0.996326,0,0.0105239,0.999945,0.00022155,0,0.996271,-0.0105042,0.0856384,0,-6.6036,-0.465776,9.72897,1],[0.543624,-0.0669032,0.836658,0,-0.831761,0.0906189,0.547688,0,-0.112459,-0.993636,-0.00638476,0,58.3436,-7.20515,-49.5796,1],[6.12323e-17,0.000149701,1,0,1,-0.000796318,1.19209e-07,0,0.000796318,1,-0.000149701,0,-77.1851,-0.841449,0.00012597,1],[1.54972e-06,2.75771e-06,1,0,1,-4.27368e-12,-1.54972e-06,0,0,1,-2.75771e-06,0,-53.2335,2.27503e-10,8.24971e-05,1],[-0.0879688,-0.00811876,-0.99609,0,-0.992934,-0.0792445,0.088336,0,-0.0796518,0.996822,-0.00109034,0,26.8804,1.86089,-10.0615,1],[-0.983199,0.0121842,0.182132,0,-0.182145,6.98492e-10,-0.983272,0,-0.0119804,-0.999926,0.00221929,0,9.60057,-0.801384,76.7506,1],[-0.227952,-0.264656,0.937014,0,-0.871394,-0.373906,-0.317596,0,0.434409,-0.888905,-0.145387,0,37.0545,13.6346,39.0928,1],[-0.304882,-0.170447,0.937014,0,-0.946775,-0.0524383,-0.317597,0,0.103269,-0.983971,-0.145387,0,36.6912,1.12126,39.0928,1],[-0.296574,0.953883,0.0463696,0,-0.951434,-0.299313,0.0720127,0,0.0825707,-0.0227605,0.996325,0,36.6178,40.802,-3.25766,1],[-0.00719142,0.998898,0.0463697,0,-0.997348,-0.0105231,0.0720127,0,0.0724213,-0.0457288,0.996325,0,44.8609,29.0398,-3.25765,1],[-0.288981,0.956954,0.0269944,0,-0.956275,-0.289873,0.0388928,0,0.0450436,-0.0145748,0.998879,0,36.9347,40.5014,-0.962581,1],[0.0982971,0.994791,0.0269944,0,-0.994503,0.0972133,0.0388927,0,0.0360659,-0.0306691,0.998879,0,47.6294,24.1448,-0.962577,1],[-0.268723,0.963212,-0.0032745,0,-0.955703,-0.266201,0.125578,0,0.120086,0.036875,0.992078,0,37.6284,39.5468,-4.50896,1],[0.158346,0.987378,-0.00327427,0,-0.979502,0.157499,0.125578,0,0.124508,-0.0166775,0.992078,0,48.8414,21.0653,-4.50896,1],[-0.208641,0.976159,0.0598521,0,-0.969725,-0.21443,0.116849,0,0.126898,-0.0336605,0.991344,0,40.1096,37.0482,-1.23277,1],[-0.0251132,0.997891,0.0598517,0,-0.992634,-0.0319893,0.116849,0,0.118518,-0.0564764,0.991345,0,44.7875,29.2938,-1.23278,1],[-0.000680447,-0.0856331,-0.996327,0,-0.999945,0.010524,-0.00022161,0,0.0105043,0.996271,-0.0856355,0,5.2489,0.642872,-9.72898,1],[-0.544916,-0.0554059,0.836658,0,-0.831131,-0.0962205,-0.547688,0,0.110849,-0.993817,0.00638254,0,44.1676,2.67282,49.681,1],[-0.53873,0.84061,0.0560754,0,-0.835148,-0.541619,0.0957892,0,0.110893,0.00477324,0.993821,0,30.3431,49.4607,-2.63343,1],[-0.0883424,-0.000136427,-0.99609,0,-0.996032,0.0107973,0.0883358,0,0.0107431,0.999942,-0.00108975,0,52.547,-0.575523,-10.0615,1],[-0.0856333,0.000680563,-0.996327,0,0.010524,0.999945,-0.000221491,0,0.996271,-0.0105043,-0.0856357,0,-6.6036,-0.465775,-9.72897,1],[-0.543625,0.0669005,0.836658,0,-0.83176,0.0906189,-0.547688,0,-0.112458,-0.993636,0.00638249,0,58.2472,-7.19527,49.681,1],[6.12323e-17,0.000149701,1,0,1,-0.000796318,1.19209e-07,0,0.000796318,1,-0.000149701,0,-57.8175,0.0541242,-8.09134e-06,1],[6.12323e-17,0.000149701,1,0,1,-0.000796318,1.19209e-07,0,0.000796318,1,-0.000149701,0,-67.9717,0.0614601,-9.19055e-06,1]],"boneNames":["Bip003 Head","Bip003 L Calf","Bip003 L Clavicle","Bip003 L Finger0","Bip003 L Finger01","Bip003 L Finger1","Bip003 L Finger11","Bip003 L Finger2","Bip003 L Finger21","Bip003 L Finger3","Bip003 L Finger31","Bip003 L Finger4","Bip003 L Finger41","Bip003 L Foot","Bip003 L Forearm","Bip003 L Hand","Bip003 L Thigh","Bip003 L Toe0","Bip003 L UpperArm","Bip003 Neck","Bip003 Pelvis","Bip003 R Calf","Bip003 R Clavicle","Bip003 R Finger0","Bip003 R Finger01","Bip003 R Finger1","Bip003 R Finger11","Bip003 R Finger2","Bip003 R Finger21","Bip003 R Finger3","Bip003 R Finger31","Bip003 R Finger4","Bip003 R Finger41","Bip003 R Foot","Bip003 R Forearm","Bip003 R Hand","Bip003 R Thigh","Bip003 R Toe0","Bip003 R UpperArm","Bip003 Spine1","Bip003 Spine2"]}],"morphs":[],"vertices":[{"position":{"type":"float32","components":3,"data":[-1.66959,91.0458,-0.387032,-3.03111,90.3314,-0.245287,-2.36676,90.9653,2.15376,-3.26633,90.1428,2.08103,-2.2313,89.1396,-2.60673,-5.45186e-06,91.3774,2.1731,-0.854397,79.8101,5.29326,-1.89655,80.4124,3.55899,-1.78351,80.2146,2.82726,-5.18095e-06,79.5352,3.60568,-4.52412e-06,79.6865,5.59155,-3.58963,86.758,-2.0002,-2.2313,89.1396,-2.60673,-2.00724,85.6976,-3.05954,-3.50465,84.2985,-1.18702,-3.58963,86.758,-2.0002,-2.00724,85.6976,-3.05954,-3.90471,88.0899,0.0417023,-4.11335,86.164,0.560383,-4.0001,88.0317,1.97112,-3.91472,86.2198,1.80649,-4.65986,84.9315,0.352665,-3.81284,84.3868,0.479939,-4.35586,83.6362,0.617224,-3.81284,84.3868,0.479939,-3.40476,83.0258,1.21541,-3.93828,83.3095,1.11503,-4.36063,85.5284,0.862116,-3.68647,85.2617,1.73209,-4.0735,85.4156,0.727308,-3.36449,83.2111,1.76283,-4.0735,85.4156,0.727308,-3.81284,84.3868,0.479939,-2.05673,82.2048,-1.81977,-3.07944,81.6563,2.50431,-2.93453,81.5023,1.27989,-3.40476,83.0258,1.21541,-3.36449,83.2111,1.76283,-3.40476,83.0258,1.21541,-3.81284,84.3868,0.479939,-2.93453,81.5023,1.27989,-2.9892,80.6655,0.242094,-2.05673,82.2048,-1.81977,-4.65986,84.9315,0.352665,-4.35586,83.6362,0.617224,-3.59391,84.4827,1.7579,-3.93828,83.3095,1.11503,-3.36449,83.2111,1.76283,-4.36063,85.5284,0.862116,-3.68647,85.2617,1.73209,-5.23217e-06,82.4507,6.32483,-6.09856e-06,82.7584,7.22208,-0.298938,82.5342,6.20012,-0.42528,82.8097,6.9729,-0.584114,82.5818,5.95959,-1.152,82.6758,5.74907,-0.298938,82.5342,6.20012,-0.353108,82.3036,6.22685,-1.152,82.6758,5.74907,-5.22807e-06,82.283,6.32058,-0.854397,79.8101,5.29326,-4.52412e-06,79.6865,5.59155,-0.889428,80.5663,5.53608,-4.85424e-06,80.4507,5.93343,-4.78229e-06,80.9669,5.85892,-5.13125e-06,81.4747,6.22031,-0.767535,81.0995,5.67673,-0.797297,81.4891,5.86379,-2.15525,80.8917,4.1959,-1.41475,81.1172,5.16436,-1.41431,81.7803,5.34695,-4.96291e-06,88.478,6.04598,-3.87365e-06,90.6655,4.91791,-1.53653,88.3152,5.87309,-2.04249,90.418,4.748,-1.15629,86.9054,6.02912,-5.04859e-06,86.9289,6.13471,-2.6737,87.0971,4.99279,-1.15629,86.9054,6.02912,-2.86372,88.9285,4.67981,-3.87365e-06,90.6655,4.91791,-5.45186e-06,91.3774,2.1731,-2.04249,90.418,4.748,-2.36676,90.9653,2.15376,-0.339994,83.1447,6.98207,-6.15916e-06,83.1606,7.28484,-0.374719,83.3329,6.43944,-0.605817,82.9864,6.27251,-0.477594,84.8736,5.73037,-0.210647,84.308,6.31789,-5.32246e-06,84.33,6.41833,-0.706753,84.5712,5.6593,-0.588004,83.2856,5.93521,-0.526425,85.2665,5.86202,-7.35623e-06,85.2876,6.00612,-7.70731e-06,85.7897,6.24951,-0.60372,85.7551,6.18882,-1.89655,80.4124,3.55899,-3.07944,81.6563,2.50431,-3.22957,82.9725,3.76877,-3.36449,83.2111,1.76283,-1.05076,84.853,5.52302,-1.68018,86.0179,5.8463,-1.00678,85.3766,5.89472,-3.29328,87.7181,3.6284,-2.77104,85.751,4.91449,-3.3272,86.449,3.44272,-2.79559,85.4729,5.03771,-3.07612,85.451,4.0666,-4.0001,88.0317,1.97112,-3.91472,86.2198,1.80649,-3.68647,85.2617,1.73209,-3.59391,84.4827,1.7579,-1.05088,81.7208,5.47654,-1.41431,81.7803,5.34695,-1.18371,81.8075,5.54176,-0.588157,82.02,6.00164,-1.18371,81.8075,5.54176,-5.03465e-06,82.062,6.12027,-4.90243e-06,81.6003,5.98334,-5.28363e-06,81.9156,6.37811,-0.485335,81.6497,5.89948,-0.342809,82.0035,6.31823,-0.788408,81.8759,6.04082,-0.485335,81.6497,5.89948,-1.41431,81.7803,5.34695,-1.05088,81.7208,5.47654,-2.26017,84.9033,5.32479,-2.5934,84.4985,5.21232,-1.67861,84.7509,5.61726,-1.59209,84.3989,5.66022,-1.5914,85.5108,5.8408,-2.28477,85.1794,5.3398,-1.73397,85.2705,5.6216,-1.25099,85.2177,5.61697,-1.6776,84.752,5.61,-2.24868,84.8868,5.31951,-0.749426,82.8705,5.92598,-3.26633,90.1428,2.08103,-2.86372,88.9285,4.67981,-1.47287,83.3147,5.69962,-2.30564,83.1958,5.26527,-0.584114,82.5818,5.95959,-0.526564,82.7474,6.37043,-3.46136,84.0857,3.61997,-2.28477,85.1794,5.3398,-2.68824,85.1976,5.00283,-1.81528,82.4354,5.15261,-2.1422,81.5007,4.69129,-1.85349,79.4007,2.04316,3.64123e-06,78.4254,3.35082,-1.78351,80.2146,2.82726,-5.18095e-06,79.5352,3.60568,-4.0001,88.0317,1.97112,-3.29328,87.7181,3.6284,-3.68647,85.2617,1.73209,-3.81284,84.3868,0.479939,2.36674,90.9653,2.15376,3.0311,90.3314,-0.245287,1.66958,91.0458,-0.387032,3.26631,90.1428,2.08103,2.23128,89.1396,-2.60673,-1.66959,91.0458,-0.387032,1.7835,80.2146,2.82726,1.89654,80.4124,3.55899,0.854382,79.8101,5.29326,2.00723,85.6976,-3.05954,2.23128,89.1396,-2.60673,3.58962,86.758,-2.0002,2.00723,85.6976,-3.05954,3.58962,86.758,-2.0002,3.50463,84.2985,-1.18702,4.11334,86.164,0.560385,3.9047,88.0899,0.0417023,4.00008,88.0317,1.97112,3.9147,86.2198,1.80648,4.35585,83.6362,0.617222,3.81283,84.3868,0.479939,4.65984,84.9315,0.352669,3.40474,83.0258,1.21541,3.81283,84.3868,0.479939,3.93826,83.3095,1.11503,4.07348,85.4156,0.72731,3.68645,85.2617,1.73208,4.36061,85.5284,0.862091,3.36448,83.2111,1.76283,3.81283,84.3868,0.479939,4.07348,85.4156,0.72731,2.05678,82.2048,-1.81977,3.07942,81.6563,2.50431,2.93451,81.5023,1.27989,3.40474,83.0258,1.21541,3.36448,83.2111,1.76283,2.93451,81.5023,1.27989,3.81283,84.3868,0.479939,3.40474,83.0258,1.21541,2.98855,80.6655,0.242094,2.05678,82.2048,-1.81977,3.59389,84.4827,1.7579,4.35585,83.6362,0.617222,4.65984,84.9315,0.352669,3.93826,83.3095,1.11503,3.36448,83.2111,1.76283,3.68645,85.2617,1.73208,4.36061,85.5284,0.862091,0.298923,82.5342,6.20012,0.425263,82.8097,6.9729,0.298923,82.5342,6.20012,1.15199,82.6758,5.74907,0.584102,82.5818,5.95959,1.15199,82.6758,5.74907,0.353092,82.3036,6.22685,0.889414,80.5663,5.53608,0.854382,79.8101,5.29326,0.767521,81.0995,5.67673,0.79728,81.4891,5.86379,1.41474,81.1172,5.16436,2.15524,80.8917,4.1959,1.41429,81.7803,5.34695,1.53651,88.3152,5.87309,2.04247,90.418,4.748,1.15627,86.9054,6.02912,1.15627,86.9054,6.02912,2.67368,87.0971,4.99279,2.8637,88.9285,4.67981,2.04247,90.418,4.748,2.36674,90.9653,2.15376,0.339979,83.1447,6.98207,0.605802,82.9864,6.27251,0.374701,83.3329,6.43944,0.210631,84.308,6.31789,0.477577,84.8736,5.73037,0.58799,83.2856,5.93521,0.706739,84.5712,5.6593,0.526409,85.2665,5.86202,0.603707,85.7551,6.18882,1.89654,80.4124,3.55899,3.36448,83.2111,1.76283,3.22956,82.9725,3.76877,3.07942,81.6563,2.50431,1.05074,84.853,5.52302,1.68017,86.0179,5.8463,1.00676,85.3766,5.89472,2.77102,85.751,4.91449,3.29326,87.7181,3.6284,3.32718,86.449,3.44272,3.07611,85.451,4.0666,2.79558,85.4729,5.03771,4.00008,88.0317,1.97112,3.9147,86.2198,1.80648,3.59389,84.4827,1.7579,3.68645,85.2617,1.73208,1.18369,81.8075,5.54176,1.41429,81.7803,5.34695,1.05087,81.7208,5.47654,1.18369,81.8075,5.54176,0.588142,82.02,6.00164,0.48532,81.6497,5.89948,0.342791,82.0035,6.31823,0.48532,81.6497,5.89948,0.788393,81.8759,6.04082,1.05087,81.7208,5.47654,1.41429,81.7803,5.34695,1.6786,84.7509,5.61726,2.59339,84.4985,5.21232,2.26016,84.9033,5.32479,1.59207,84.3989,5.66021,1.73395,85.2705,5.6216,2.28475,85.1794,5.3398,1.59138,85.5108,5.8408,1.67758,84.752,5.60999,1.25097,85.2177,5.61697,2.24867,84.8868,5.31951,0.749414,82.8705,5.92598,2.8637,88.9285,4.67981,3.26631,90.1428,2.08103,1.47286,83.3147,5.69962,2.30562,83.1958,5.26527,0.526545,82.7474,6.37043,0.584102,82.5818,5.95959,3.46135,84.0857,3.61997,2.28475,85.1794,5.3398,2.68822,85.1976,5.00283,1.81526,82.4354,5.15261,2.14218,81.5007,4.69129,1.7835,80.2146,2.82726,1.85353,79.4007,2.04316,3.29326,87.7181,3.6284,4.00008,88.0317,1.97112,3.68645,85.2617,1.73208,3.81283,84.3868,0.479939,-4.10162,77.9846,-3.57987,-4.6073,78.5076,-0.526875,-2.99796,79.1589,-0.184443,-4.6073,78.5076,-0.526875,-4.10162,77.9846,-3.57987,-6.4231,78.1077,-0.772894,-22.956,55.1081,1.13362,-21.7857,54.2519,0.216244,-16.6348,59.4692,-0.540245,-18.6954,60.8284,1.15601,-21.9668,53.9461,-1.47037,-16.2722,59.2243,-2.41782,-21.9668,53.9461,-1.47037,-22.475,55.1441,-3.266,-17.8776,60.8864,-5.48177,-16.2722,59.2243,-2.41782,-24.0185,55.9153,-1.95055,-20.6724,62.6972,-3.0768,-24.0346,55.8515,-0.0804119,-20.756,62.3674,-0.0970497,-12.2606,66.5403,-0.0182552,-11.9711,66.3161,-2.5882,-8.97353,69.3249,-2.05267,-8.84741,70.4254,1.71461,-13.7079,71.2118,-0.0991821,-13.3873,71.8892,-2.47367,-15.4749,69.1587,-2.63534,-15.2887,68.8921,-0.389811,-15.1918,62.5729,-0.537039,-16.7392,63.4819,0.243979,-14.6742,62.7568,-2.6967,-16.1102,63.8579,-4.98023,-14.6742,62.7568,-2.6967,-18.0978,65.2816,-3.18887,-18.1686,64.5873,-0.706083,-14.1461,67.8457,0.82007,-12.2606,66.5403,-0.0182552,-8.84741,70.4254,1.71461,-11.2084,71.9174,1.60197,-13.4056,67.9402,-4.44624,-15.4749,69.1587,-2.63534,-13.3873,71.8892,-2.47367,-10.2424,72.0132,-4.01879,-11.9711,66.3161,-2.5882,-8.97353,69.3249,-2.05267,-13.7079,71.2118,-0.0991821,-15.2887,68.8921,-0.389811,-16.1102,63.8579,-4.98023,-13.4056,67.9402,-4.44624,-11.9711,66.3161,-2.5882,-14.6742,62.7568,-2.6967,-15.1918,62.5729,-0.537039,-12.2606,66.5403,-0.0182552,-14.1461,67.8457,0.82007,-16.7392,63.4819,0.243979,-15.2887,68.8921,-0.389811,-18.1686,64.5873,-0.706083,-15.4749,69.1587,-2.63534,-18.0978,65.2816,-3.18887,-14.6742,62.7568,-2.6967,-11.9711,66.3161,-2.5882,-22.956,55.1081,1.13362,-24.8694,52.2482,1.41781,-23.8373,51.9886,0.731936,-21.7857,54.2519,0.216244,-23.8173,51.8179,-1.26069,-21.9668,53.9461,-1.47037,-21.9668,53.9461,-1.47037,-23.8173,51.8179,-1.26069,-22.475,55.1441,-3.266,-25.8925,52.6916,-1.95706,-24.0185,55.9153,-1.95055,-25.8651,52.6663,0.519779,-24.0346,55.8515,-0.0804119,-24.6673,52.4573,-2.66343,-26.289,50.3949,-2.60872,-27.0348,50.6401,-0.407635,-25.8925,52.6916,-1.95706,-23.8173,51.8179,-1.26069,-24.2705,49.7264,-0.449299,-24.5385,49.7618,-2.37157,-23.6745,49.13,2.65892,-23.8373,51.9886,0.731936,-24.2184,48.1775,1.78853,-25.8651,52.6663,0.519779,-26.8763,50.619,1.60808,-25.0913,49.5693,3.11374,-24.8694,52.2482,1.41781,-24.9498,46.697,2.50081,-25.386,45.5361,2.4914,-26.0706,45.7703,2.64653,-25.788,46.9718,2.6277,-23.6745,49.13,2.65892,-23.8373,51.9886,0.731936,-26.6214,47.3347,-2.88135,-26.289,50.3949,-2.60872,-24.6875,46.6105,3.36053,-25.5238,45.0046,3.16464,-26.2119,45.2755,3.33296,-25.5238,45.0046,3.16464,-24.6875,46.6105,3.36053,-25.7699,46.8257,3.57261,-23.6745,49.13,2.65892,-24.6875,46.6105,3.36053,-25.7699,46.8257,3.57261,-25.0913,49.5693,3.11374,-25.678,47.947,2.51758,-25.788,46.9718,2.6277,-24.6875,46.6105,3.36053,-23.6745,49.13,2.65892,-26.2119,45.2755,3.33296,-28.1809,47.7209,-0.49065,-28.6704,45.4241,0.657406,-28.1356,47.7509,1.8381,-28.6746,45.5004,1.69324,-28.1809,47.7209,-0.49065,-28.6202,45.3323,-0.578243,-28.6704,45.4241,0.657406,-27.8762,45.448,1.7272,-26.6162,47.5629,1.9218,-28.1809,47.7209,-0.49065,-27.6676,47.6569,-2.86338,-26.6162,47.5629,1.9218,-27.8762,45.448,1.7272,-27.9229,45.2139,0.600117,-26.6739,47.397,-0.444469,-28.6746,45.5004,1.69324,-28.6704,45.4241,0.657406,-28.4556,43.0069,0.928625,-28.4545,43.0241,1.58541,-27.8939,43.5067,1.59537,-27.8762,45.448,1.7272,-27.3191,45.4759,-2.53188,-27.3419,44.2485,-2.19855,-27.8676,43.7579,-2.21425,-27.9887,45.853,-2.66242,-27.9229,45.2139,0.600117,-27.8762,45.448,1.7272,-27.8941,43.4901,0.920301,-27.8939,43.5067,1.59537,-26.7426,48.8868,2.61811,-26.6162,47.5629,1.9218,-28.1398,45.2659,-1.64487,-28.6202,45.3323,-0.578243,-25.678,47.947,2.51758,-26.0706,45.7703,2.64653,-26.6162,47.5629,1.9218,-26.6739,47.397,-0.444469,-27.5515,45.3242,-1.59332,-27.3191,45.4759,-2.53188,-27.9229,45.2139,0.600117,-27.8244,45.094,-0.547052,-28.1398,45.2659,-1.64487,-27.8679,43.9124,-1.66112,-27.5515,45.3242,-1.59332,-27.345,44.4023,-1.65157,-27.8244,45.094,-0.547052,-27.9229,45.2139,0.600117,-27.7544,43.041,-0.304815,-27.7427,43.0546,0.369699,-28.2783,42.5925,-0.290041,-28.2572,42.6106,0.371479,-28.6704,45.4241,0.657406,-28.6202,45.3323,-0.578243,-28.6202,45.3323,-0.578243,-28.1398,45.2659,-1.64487,-28.0346,43.1653,-1.24326,-28.0929,43.2035,-0.649733,-27.5515,45.3242,-1.59332,-27.8244,45.094,-0.547052,-27.5649,43.5519,-1.22498,-27.6294,43.5881,-0.6229,-27.8244,45.094,-0.547052,-27.5515,45.3242,-1.59332,-27.8679,43.9124,-1.66112,-27.8676,43.7579,-2.21425,-27.9887,45.853,-2.66242,-28.1398,45.2659,-1.64487,-24.6673,52.4573,-2.66343,-23.8173,51.8179,-1.26069,-27.9229,45.2139,0.600117,-27.8941,43.4901,0.920301,-27.345,44.4023,-1.65157,-27.5515,45.3242,-1.59332,-27.7427,43.0546,0.369699,-27.9229,45.2139,0.600117,-27.5515,45.3242,-1.59332,-27.5649,43.5519,-1.22498,-27.6294,43.5881,-0.6229,-27.8244,45.094,-0.547052,-8.70995,76.9031,-3.02178,-8.33701,77.5096,-0.164042,-6.4231,78.1077,-0.772894,-8.70995,76.9031,-3.02178,0.000355299,60.3242,6.23713,-4.48564,60.8798,4.75487,-4.18271,55.5829,4.25055,0.00239291,55.4419,5.74274,-5.14678,70.7231,5.98009,-5.1145,68.2947,5.29295,0.000359048,68.7615,6.42096,0.000353358,70.7803,6.31421,-8.77618,71.6469,3.19003,-8.84741,70.4254,1.71461,0.000356156,73.7784,5.187,-5.23879,73.9984,4.83869,-6.9112,61.7233,-0.0975933,-6.97666,55.8027,0.34244,-6.9112,61.7233,-0.0975933,-5.19906,62.1674,-3.18175,-5.11856,55.7508,-2.78205,-6.97666,55.8027,0.34244,-6.64901,70.4124,-4.78105,-5.19906,62.1674,-3.18175,-7.25681,64.7827,-0.39826,-8.97353,69.3249,-2.05267,-4.70563,64.1582,5.27217,0.000352714,65.9854,6.87187,-7.25681,64.7827,-0.39826,-8.84741,70.4254,1.71461,-8.97353,69.3249,-2.05267,-7.25681,64.7827,-0.39826,-2.99796,79.1589,-0.184443,-4.6073,78.5076,-0.526875,-5.00077,76.722,2.55193,-1.45607,77.1733,3.00186,-10.4755,76.5374,0.276245,-12.2759,74.7234,0.390329,-10.3795,74.0521,2.57422,-8.39717,76.1453,2.40832,-11.7098,74.5331,-3.07033,-12.2759,74.7234,0.390329,-10.4755,76.5374,0.276245,-8.70995,76.9031,-3.02178,-12.2759,74.7234,0.390329,-8.52705,74.1288,3.38943,-13.3873,71.8892,-2.47367,-13.7079,71.2118,-0.0991821,-12.2759,74.7234,0.390329,-8.39717,76.1453,2.40832,-6.4231,78.1077,-0.772894,-8.33701,77.5096,-0.164042,-5.00077,76.722,2.55193,0.000357627,76.0377,3.98931,-11.7098,74.5331,-3.07033,-8.70995,76.9031,-3.02178,-6.64901,70.4124,-4.78105,-8.77618,71.6469,3.19003,-8.52705,74.1288,3.38943,-8.39717,76.1453,2.40832,21.7931,54.2418,-0.0998535,22.9697,55.0884,0.818382,16.6374,59.4665,-0.766594,18.7096,60.808,0.929621,21.9627,53.9536,-1.79076,16.2619,59.2411,-2.64409,22.4587,55.1703,-3.57722,21.9627,53.9536,-1.79076,17.8464,60.9352,-5.70145,16.2619,59.2411,-2.64409,24.0111,55.9278,-2.26439,20.6576,62.7209,-3.29688,24.04,55.8445,-0.39517,20.7616,62.3601,-0.321375,11.9598,66.3342,-2.70687,12.2687,66.5307,-0.136761,8.97342,69.326,-2.05882,8.84953,70.4239,1.71175,13.3762,71.9053,-2.54403,13.7159,71.204,-0.179121,15.463,69.1773,-2.74996,15.2941,68.8868,-0.506063,15.1945,62.5699,-0.721119,16.7472,63.4708,0.0587368,14.6621,62.7764,-2.87513,16.0823,63.9016,-5.1568,14.6621,62.7764,-2.87513,18.0823,65.3065,-3.36431,18.1702,64.5862,-0.889494,12.2687,66.5307,-0.136761,14.1606,67.8273,0.701242,8.84953,70.4239,1.71175,11.2311,71.8937,1.54967,15.463,69.1773,-2.74996,13.3801,67.9782,-4.55798,13.3762,71.9053,-2.54403,10.2182,72.0428,-4.0617,11.9598,66.3342,-2.70687,8.97342,69.326,-2.05882,13.7159,71.204,-0.179121,15.2941,68.8868,-0.506063,13.3801,67.9782,-4.55798,16.0823,63.9016,-5.1568,11.9598,66.3342,-2.70687,14.6621,62.7764,-2.87513,12.2687,66.5307,-0.136761,15.1945,62.5699,-0.721119,14.1606,67.8273,0.701242,16.7472,63.4708,0.0587368,15.2941,68.8868,-0.506063,18.1702,64.5862,-0.889494,15.463,69.1773,-2.74996,18.0823,65.3065,-3.36431,11.9598,66.3342,-2.70687,14.6621,62.7764,-2.87513,24.8849,52.2258,1.05962,22.9697,55.0884,0.818382,23.8482,51.9733,0.378141,21.7931,54.2418,-0.0998535,23.8145,51.8234,-1.61597,21.9627,53.9536,-1.79076,23.8145,51.8234,-1.61597,21.9627,53.9536,-1.79076,22.4587,55.1703,-3.57722,25.8849,52.7044,-2.31735,24.0111,55.9278,-2.26439,25.8744,52.6533,0.159214,24.04,55.8445,-0.39517,24.655,52.4775,-3.01773,27.0377,50.6368,-0.797276,26.2769,50.4146,-2.99564,25.8849,52.7044,-2.31735,24.2732,49.7236,-0.829576,23.8145,51.8234,-1.61597,24.528,49.779,-2.75316,23.6984,49.0947,2.27625,23.8482,51.9733,0.378141,24.2363,48.1514,1.39227,26.8931,50.5947,1.21915,25.8744,52.6533,0.159214,25.1183,49.5294,2.72593,24.8849,52.2258,1.05962,25.4087,45.5027,2.05951,24.9724,46.6638,2.08402,26.0943,45.7354,2.21239,25.8115,46.9372,2.20803,23.6984,49.0947,2.27625,23.8482,51.9733,0.378141,26.2769,50.4146,-2.99564,26.6074,47.3575,-3.30247,24.716,46.5686,2.94454,25.551,44.9644,2.7262,25.551,44.9644,2.7262,26.2402,45.2335,2.89263,24.716,46.5686,2.94454,25.7999,46.7811,3.15147,24.716,46.5686,2.94454,23.6984,49.0947,2.27625,25.1183,49.5294,2.72593,25.7999,46.7811,3.15147,25.7009,47.9133,2.10887,25.8115,46.9372,2.20803,23.6984,49.0947,2.27625,24.716,46.5686,2.94454,26.2402,45.2335,2.89263,28.6804,45.4101,0.202042,28.1832,47.7188,-0.918592,28.1538,47.7244,1.4106,28.6917,45.4756,1.23856,28.6218,45.3312,-1.03412,28.1832,47.7188,-0.918592,28.6804,45.4101,0.202042,27.8935,45.4229,1.27743,26.6349,47.5355,1.50272,28.1832,47.7188,-0.918592,27.6537,47.6794,-3.2883,27.8935,45.4229,1.27743,26.6349,47.5355,1.50272,27.9326,45.2004,0.147675,26.6765,47.3943,-0.865492,28.4707,43.0005,1.1064,27.9102,43.4829,1.12522,28.4674,42.9902,0.449476,27.9058,43.4734,0.450037,28.6804,45.4101,0.202042,28.6917,45.4756,1.23856,28.4674,42.9902,0.449476,28.4707,43.0005,1.1064,27.9102,43.4829,1.12522,27.8935,45.4229,1.27743,27.3323,44.2643,-2.65688,27.3073,45.4952,-2.97722,27.858,43.774,-2.68129,27.976,45.8736,-3.10838,27.8935,45.4229,1.27743,27.9326,45.2004,0.147675,26.7662,48.8521,2.21193,26.6349,47.5355,1.50272,28.1341,45.2759,-2.09808,28.6218,45.3312,-1.03412,25.7009,47.9133,2.10887,26.0943,45.7354,2.21239,26.6349,47.5355,1.50272,26.6765,47.3943,-0.865492,27.5461,45.3336,-2.04191,27.3073,45.4952,-2.97722,27.8261,45.0926,-0.999989,27.9326,45.2004,0.147675,28.2652,42.5997,-0.110413,27.7507,43.0438,-0.104036,28.2817,42.5886,-0.772209,27.7577,43.0371,-0.778721,28.1341,45.2759,-2.09808,27.862,43.9227,-2.1266,27.5461,45.3336,-2.04191,27.3392,44.4122,-2.10833,27.9326,45.2004,0.147675,27.8261,45.0926,-0.999989,28.2652,42.5997,-0.110413,28.2817,42.5886,-0.772209,28.6804,45.4101,0.202042,28.6218,45.3312,-1.03412,28.1341,45.2759,-2.09808,28.6218,45.3312,-1.03412,28.0315,43.1713,-1.7177,28.0939,43.2032,-1.12423,27.8261,45.0926,-0.999989,27.5461,45.3336,-2.04191,27.562,43.5576,-1.69219,27.6306,43.5875,-1.09021,27.5461,45.3336,-2.04191,27.8261,45.0926,-0.999989,28.0939,43.2032,-1.12423,28.0315,43.1713,-1.7177,27.862,43.9227,-2.1266,27.858,43.774,-2.68129,28.1341,45.2759,-2.09808,27.976,45.8736,-3.10838,24.655,52.4775,-3.01773,23.8145,51.8234,-1.61597,27.9326,45.2004,0.147675,27.9058,43.4734,0.450037,27.3392,44.4122,-2.10833,27.5461,45.3336,-2.04191,27.7507,43.0438,-0.104036,27.9326,45.2004,0.147675,27.5461,45.3336,-2.04191,27.562,43.5576,-1.69219,27.6306,43.5875,-1.09021,27.8261,45.0926,-0.999989,7.22748,0.445068,-3.18623,9.11309,0.524536,-0.101986,7.37501,0.502258,-0.236212,11.2944,0.518494,-0.262897,10.653,0.55127,-3.64576,8.71386,0.483459,-4.40798,10.3612,5.47717,-1.29016,10.4923,16.6899,-0.590687,9.07897,5.55133,0.633169,9.16308,16.6909,1.99845,7.01777,5.55597,-0.175064,5.93313,16.6894,-0.00955963,7.44874,5.4165,-2.90438,5.17557,16.6906,-1.93211,8.52797,5.5459,-4.03494,7.84679,16.6874,-4.72155,8.52797,5.5459,-4.03494,7.84679,16.6874,-4.72155,10.3008,5.46326,-3.1007,11.537,16.689,-3.06242,9.64383,2.77209,7.82286,9.66105,1.65717,8.7388,11.1933,2.73877,7.40103,11.8003,1.71118,8.14573,7.71921,2.74939,7.3889,7.47501,1.68628,8.25052,7.44874,5.4165,-2.90438,7.01093,2.87555,-3.65321,7.01777,5.55597,-0.175064,6.94067,3.9328,-0.113739,8.52797,5.5459,-4.03494,8.6806,2.9165,-4.7442,10.3008,5.46326,-3.1007,10.7456,2.98651,-4.34128,10.3612,5.47717,-1.29016,11.5479,2.95605,-0.809189,10.3612,5.47717,-1.29016,9.07897,5.55133,0.633169,11.3238,2.89258,4.23103,9.58376,3.63879,4.64098,7.51009,3.32599,4.77762,7.01777,5.55597,-0.175064,6.90749,1.66583,4.89762,7.51009,3.32599,4.77762,9.11309,0.524536,-0.101986,9.566,0.496216,5.14849,7.31843,0.420898,4.78366,11.8323,0.5802,3.57392,11.3238,2.89258,4.23103,12.1807,1.6095,4.08969,9.64383,2.77209,7.82286,11.1933,2.73877,7.40103,7.71921,2.74939,7.3889,9.63384,0.451721,8.45779,7.78988,0.375366,8.1024,11.5998,0.55835,7.90949,-9.13068,0.52478,-0.103527,-7.2451,0.445374,-3.18777,-7.36843,0.528625,-0.103603,-8.73148,0.483704,-4.40952,-10.6706,0.551514,-3.64731,-11.312,0.518738,-0.264431,-9.18066,16.692,1.99742,-10.5099,16.6909,-0.591721,-9.09649,5.55145,0.63162,-10.3787,5.47729,-1.29171,-5.95071,16.6905,-0.0105934,-7.03534,5.55609,-0.176613,-5.19318,16.6916,-1.93314,-7.46626,5.41663,-2.90593,-7.86435,16.6885,-4.72258,-8.54555,5.54602,-4.03649,-11.5546,16.6901,-3.06346,-7.86435,16.6885,-4.72258,-10.3184,5.46338,-3.10225,-8.54555,5.54602,-4.03649,-12.1336,1.71143,7.64733,-10.0112,1.65741,8.88569,-11.7806,2.73907,6.92413,-10.0017,2.77234,8.10181,-7.50106,1.68658,8.45067,-7.87155,2.74969,7.76018,-6.95829,3.93311,-0.115288,-7.02856,2.87579,-3.65475,-7.03534,5.55609,-0.176613,-7.46626,5.41663,-2.90593,-8.69822,2.91675,-4.74575,-8.54555,5.54602,-4.03649,-10.7632,2.98682,-4.34283,-10.3184,5.46338,-3.10225,-11.5654,2.9563,-0.81069,-10.3787,5.47729,-1.29171,-9.60138,3.63904,4.63943,-9.09649,5.55145,0.63162,-11.6393,2.89783,3.98564,-10.3787,5.47729,-1.29171,-7.03534,5.55609,-0.176613,-7.52766,3.32623,4.77607,-7.52766,3.32623,4.77607,-6.92506,1.66614,4.89607,-7.36631,0.421204,4.44209,-9.88458,0.487122,5.41474,-9.13068,0.52478,-0.103527,-11.9898,0.580383,4.1231,-12.2324,1.59985,4.07547,-11.6393,2.89783,3.98564,-11.7806,2.73907,6.92413,-10.0017,2.77234,8.10181,-7.87155,2.74969,7.76018,-7.56021,0.375671,8.02039,-10.0705,0.452026,8.45559,-11.9544,0.558594,7.28877,8.70781,46.9206,-2.36389,4.74984,45.2101,-4.20927,5.40605,49.2963,-5.54146,4.81227,51.9235,4.96863,-0.00883816,50.3704,5.5005,1.80772,47.0959,4.26678,-0.0088388,47.0219,4.27993,5.19361,49.8318,5.14637,4.17933,55.5829,4.25055,0.00239291,55.4419,5.74274,7.61865,52.7864,-2.2509,8.9143,50.2114,1.82523,7.75911,54.1775,0.805164,5.40605,49.2963,-5.54146,5.11516,55.7508,-2.78205,-0.00884203,49.8891,-4.47385,-0.00884211,47.8509,-1.47414,1.80772,47.0959,4.26678,-0.0088388,47.0219,4.27993,5.64748,46.2261,5.20898,9.46715,46.8537,1.87206,8.9143,50.2114,1.82523,2.06616,44.0112,4.09331,1.11409,44.9445,-1.61436,2.06616,44.0112,4.09331,4.74984,45.2101,-4.20927,9.46715,46.8537,1.87206,7.69503,25.5483,3.7168,8.20101,22.877,2.37762,9.86424,23.5298,0.741577,5.86006,22.9827,1.39762,5.17557,16.6906,-1.93211,5.93313,16.6894,-0.00955963,4.97613,24.1782,-1.9825,7.84679,16.6874,-4.72155,6.88897,23.9882,-4.65199,11.092,24.4556,-2.05032,11.537,16.689,-3.06242,6.88897,23.9882,-4.65199,7.84679,16.6874,-4.72155,10.4923,16.6899,-0.590687,6.75614,36.1353,5.00739,9.80614,36.3998,2.2732,6.78879,36.1922,6.15399,10.8658,36.2313,2.20525,3.11464,36.4074,3.23659,2.89714,35.9595,4.00797,2.55047,36.384,-0.881571,1.49766,36.0126,-1.29053,2.55047,36.384,-0.881571,1.49766,36.0126,-1.29053,5.56099,36.4031,-4.10147,5.6727,35.9913,-5.43092,5.56099,36.4031,-4.10147,5.6727,35.9913,-5.43092,9.08602,36.4052,-1.5686,10.2608,36.2617,-3.00756,9.08602,36.4052,-1.5686,10.2608,36.2617,-3.00756,8.99487,28.0599,2.07132,7.06598,28.2046,3.77167,4.757,27.8937,2.17893,3.97045,28.0444,-0.805296,6.97104,28.5294,-2.80479,6.97104,28.5294,-2.80479,9.49848,28.3116,-0.799282,6.75614,36.1353,5.00739,9.80614,36.3998,2.2732,3.11464,36.4074,3.23659,2.55047,36.384,-0.881571,5.56099,36.4031,-4.10147,5.56099,36.4031,-4.10147,9.08602,36.4052,-1.5686,6.97328,55.8027,0.342436,7.75911,54.1775,0.805164,4.81227,51.9235,4.96863,6.97328,55.8027,0.342436,-0.00578217,55.7617,-3.87065,-0.00884203,49.8891,-4.47385,2.89714,35.9595,4.00797,1.49766,36.0126,-1.29053,2.89714,35.9595,4.00797,6.78879,36.1922,6.15399,10.8658,36.2313,2.20525,10.2608,36.2617,-3.00756,8.70781,46.9206,-2.36389,10.8658,36.2313,2.20525,5.6727,35.9913,-5.43092,9.16308,16.6909,1.99845,5.86006,22.9827,1.39762,-4.76752,45.2101,-4.20927,-8.72549,46.9206,-2.36389,-5.42374,49.2963,-5.54146,-1.82541,47.0959,4.26678,-4.73833,51.9553,4.96863,-5.21129,49.8318,5.14636,-4.18271,55.5829,4.25055,-7.7768,54.1775,0.805164,-7.63633,52.7864,-2.2509,-8.93193,50.2114,1.82523,-5.42374,49.2963,-5.54146,-5.11856,55.7508,-2.78205,-0.00884211,47.8509,-1.47414,-0.00884203,49.8891,-4.47385,-1.82541,47.0959,4.26678,-8.93193,50.2114,1.82523,-9.48484,46.8537,1.87205,-5.66517,46.2261,5.20898,-2.08384,44.0112,4.09331,-2.08384,44.0112,4.09331,-1.13177,44.9445,-1.61436,-4.76752,45.2101,-4.20927,-9.48484,46.8537,1.87205,-7.71271,25.5483,3.7168,-9.88193,23.5298,0.741573,-8.2187,22.877,2.37761,-5.8673,23.0023,1.39462,-5.95071,16.6905,-0.0105934,-4.99381,24.1782,-1.98251,-5.19318,16.6916,-1.93314,-6.90665,23.9882,-4.65199,-7.86435,16.6885,-4.72258,-7.86435,16.6885,-4.72258,-11.5546,16.6901,-3.06346,-6.90665,23.9882,-4.65199,-11.1097,24.4556,-2.05032,-10.5099,16.6909,-0.591721,-11.232,36.1058,2.19723,-9.81876,36.395,2.27115,-7.17357,36.0612,6.12802,-7.20633,36.0523,5.00053,-3.29954,35.7954,3.99176,-3.13617,36.075,3.23327,-1.90647,35.856,-1.28267,-2.57275,36.3423,-0.879425,-6.06255,35.8316,-5.40425,-1.90647,35.856,-1.28267,-5.57927,36.4061,-4.09447,-2.57275,36.3423,-0.879425,-10.6298,36.1404,-2.9919,-6.06255,35.8316,-5.40425,-9.09955,36.4133,-1.56554,-5.57927,36.4061,-4.09447,-10.6298,36.1404,-2.9919,-9.09955,36.4133,-1.56554,-9.01256,28.0599,2.07132,-4.77469,27.8937,2.17893,-7.08366,28.2046,3.77167,-3.98814,28.0444,-0.805298,-6.98872,28.5294,-2.80479,-6.98872,28.5294,-2.80479,-9.51616,28.3116,-0.799288,-9.81876,36.395,2.27115,-7.20633,36.0523,5.00053,-3.13617,36.075,3.23327,-2.57275,36.3423,-0.879425,-5.57927,36.4061,-4.09447,-9.09955,36.4133,-1.56554,-5.57927,36.4061,-4.09447,-4.73833,51.9553,4.96863,-7.7768,54.1775,0.805164,-6.97666,55.8027,0.34244,-6.97666,55.8027,0.34244,-0.00884203,49.8891,-4.47385,-0.00578217,55.7617,-3.87065,-1.90647,35.856,-1.28267,-3.29954,35.7954,3.99176,-7.17357,36.0612,6.12802,-3.29954,35.7954,3.99176,-11.232,36.1058,2.19723,-8.72549,46.9206,-2.36389,-11.232,36.1058,2.19723,-10.6298,36.1404,-2.9919,-6.06255,35.8316,-5.40425,-9.18066,16.692,1.99742,-5.8673,23.0023