{"model":{"version":3,"nodes":[{"name":"RootNode","position":[0,0,0],"rotation":[0,0,0],"scale":[0.01,0.01,0.01],"scaleCompensation":false},{"name":"Object027","position":[0,54.961,0],"rotation":[-90,-0,0],"scale":[1,1,1],"scaleCompensation":false},{"name":"Bip004","position":[0,54.2249,0],"rotation":[8.02618,-93.0907,-98.323],"scale":[1,1,1],"scaleCompensation":false},{"name":"Bip004 Pelvis","position":[0,0,0],"rotation":[-92.1556,-85.4877,2.07089],"scale":[1,1,1],"scaleCompensation":false},{"name":"Bip004 Spine","position":[6.36989,-0.503024,-0.0188988],"rotation":[-0.77812,1.04817,1.06109],"scale":[1,1,1],"scaleCompensation":false},{"name":"Bip004 L Thigh","position":[-6.46041,0.546731,5.4658],"rotation":[178.147,-1.29087,165.275],"scale":[1,1,1],"scaleCompensation":false},{"name":"Bip004 L Calf","position":[26.447,0,0],"rotation":[0,-1.06722e-07,-25.0891],"scale":[1,1,1],"scaleCompensation":false},{"name":"Bip004 L Foot","position":[23.3887,-1.19209e-06,4.76837e-07],"rotation":[3.15611,-0.403557,7.49901],"scale":[1,1,1],"scaleCompensation":false},{"name":"Bip004 L Toe0","position":[4.93975,7.48377,-4.76837e-07],"rotation":[-1.07734,-1.32848,95.7805],"scale":[1,1,1],"scaleCompensation":false},{"name":"Bip004 L Toe0Nub","position":[2.91963,0,0],"rotation":[-0,-2.16153e-07,-180],"scale":[-1,-1,-1],"scaleCompensation":false},{"name":"Bip004 R Thigh","position":[-6.25711,0.697602,-5.6438],"rotation":[-178.183,2.82294,171.534],"scale":[1,1,1],"scaleCompensation":false},{"name":"Bip004 R Calf","position":[26.447,0,-4.76837e-07],"rotation":[-3.20165e-07,-0,-19.3797],"scale":[1,1,1],"scaleCompensation":false},{"name":"Bip004 R Foot","position":[23.3887,-1.90735e-06,0],"rotation":[10.1889,0.885427,12.4192],"scale":[1,1,1],"scaleCompensation":false},{"name":"Bip004 R Toe0","position":[4.93975,7.48377,4.76837e-07],"rotation":[0.422275,0.561558,91.5695],"scale":[1,1,1],"scaleCompensation":false},{"name":"Bip004 R Toe0Nub","position":[2.91963,1.49012e-08,-4.76837e-07],"rotation":[0,-9.66332e-07,5.33609e-08],"scale":[1,1,1],"scaleCompensation":false},{"name":"Bip004 Spine1","position":[0.856789,-0.00802851,-0.000393808],"rotation":[2.80771,-0.655994,0.819742],"scale":[1,1,1],"scaleCompensation":false},{"name":"Bip004 Spine2","position":[10.0962,-0.00808811,0.000156559],"rotation":[-1.10884,-0.314727,1.37678],"scale":[1,1,1],"scaleCompensation":false},{"name":"Bip004 Neck","position":[10.1629,0.932481,-6.49393e-05],"rotation":[1.12064,1.52777,-2.48632],"scale":[1,1,1],"scaleCompensation":false},{"name":"Bip004 Head","position":[4.25769,0,0],"rotation":[0.104454,-0.631034,1.07994],"scale":[1,1,1],"scaleCompensation":false},{"name":"Bip004 HeadNub","position":[11.8012,0,5.96046e-08],"rotation":[-1.83428e-07,-0,0],"scale":[1,1,1],"scaleCompensation":false},{"name":"Bip004 L Clavicle","position":[-0.0189972,-1.77616,5.03362],"rotation":[59.8091,-70.005,123.776],"scale":[1,1,1],"scaleCompensation":false},{"name":"Bip004 L UpperArm","position":[5.13679,-4.76837e-07,0],"rotation":[25.9916,60.9407,-22.6381],"scale":[1,1,1],"scaleCompensation":false},{"name":"Bip004 L Forearm","position":[15.3569,0,1.90735e-06],"rotation":[-8.53774e-07,-8.53774e-07,-47.859],"scale":[1,1,1],"scaleCompensation":false},{"name":"Bip004 L Hand","position":[14.6549,-1.90735e-06,0],"rotation":[-89.6486,11.1046,-28.0647],"scale":[1,1,1],"scaleCompensation":false},{"name":"Bip004 L Finger0","position":[2.25042,1.89643,-2.53559],"rotation":[97.4635,19.6013,17.4451],"scale":[1,1,1],"scaleCompensation":false},{"name":"Bip004 L Finger01","position":[3.06954,7.62939e-06,0],"rotation":[0,-0,-4.26887e-07],"scale":[1,1,1],"scaleCompensation":false},{"name":"Bip004 L Finger0Nub","position":[3.06954,-3.8147e-06,0],"rotation":[0,-0,-4.26887e-07],"scale":[1,1,1],"scaleCompensation":false},{"name":"Bip004 L Finger1","position":[6.21433,0.406952,-1.54515],"rotation":[-0.126017,-1.47307,15.4557],"scale":[1,1,1],"scaleCompensation":false},{"name":"Bip004 L Finger11","position":[2.17574,0,0],"rotation":[8.53774e-07,-3.41509e-06,-2.13443e-07],"scale":[1,1,1],"scaleCompensation":false},{"name":"Bip004 L Finger1Nub","position":[3.09529,0,3.8147e-06],"rotation":[8.53774e-07,-3.41509e-06,-2.13443e-07],"scale":[1,1,1],"scaleCompensation":false},{"name":"Bip004 L Finger2","position":[6.31587,0.377056,-0.222229],"rotation":[-0.655061,-3.61434,16.0085],"scale":[1,1,1],"scaleCompensation":false},{"name":"Bip004 L Finger21","position":[2.2026,0,3.8147e-06],"rotation":[0,1.70755e-06,0],"scale":[1,1,1],"scaleCompensation":false},{"name":"Bip004 L Finger2Nub","position":[3.23243,0,-3.8147e-06],"rotation":[0,1.70755e-06,0],"scale":[1,1,1],"scaleCompensation":false},{"name":"Bip004 L Finger3","position":[6.15619,0.448803,1.22042],"rotation":[-3.73637,0.729358,16.9977],"scale":[1,1,1],"scaleCompensation":false},{"name":"Bip004 L Finger31","position":[2.12493,-1.90735e-06,0],"rotation":[0,-1.70755e-06,-5.33609e-08],"scale":[1,1,1],"scaleCompensation":false},{"name":"Bip004 L Finger3Nub","position":[2.8915,9.53674e-07,0],"rotation":[0,-1.70755e-06,-5.33609e-08],"scale":[1,1,1],"scaleCompensation":false},{"name":"Bip004 L Finger4","position":[5.93749,0.719824,2.36699],"rotation":[-0.0427415,1.23337,20.5193],"scale":[1,1,1],"scaleCompensation":false},{"name":"Bip004 L Finger41","position":[1.53869,0,0],"rotation":[-2.13443e-07,1.70755e-06,1.06722e-07],"scale":[1,1,1],"scaleCompensation":false},{"name":"Bip004 L Finger4Nub","position":[2.22941,0,0],"rotation":[-2.13443e-07,1.70755e-06,1.06722e-07],"scale":[1,1,1],"scaleCompensation":false},{"name":"Bip004 R Clavicle","position":[0.247437,-1.97151,-4.95409],"rotation":[-64.3728,73.5173,119.439],"scale":[1,1,1],"scaleCompensation":false},{"name":"Bip004 R UpperArm","position":[5.13679,-4.76837e-07,7.62939e-06],"rotation":[-33.6844,-62.7824,-13.7319],"scale":[1,1,1],"scaleCompensation":false},{"name":"Bip004 R Forearm","position":[15.0654,1.90735e-06,0],"rotation":[-3.41509e-06,-3.41509e-06,-49.1147],"scale":[1,1,1],"scaleCompensation":false},{"name":"Bip004 R Hand","position":[14.6549,7.62939e-06,0],"rotation":[89.652,-7.10189,-28.0863],"scale":[1,1,1],"scaleCompensation":false},{"name":"Bip004 R Finger0","position":[2.25042,1.89643,2.53559],"rotation":[-97.4635,-19.6013,17.4451],"scale":[1,1,1],"scaleCompensation":false},{"name":"Bip004 R Finger01","position":[3.06954,-3.8147e-06,0],"rotation":[0,-1.06722e-07,0],"scale":[1,1,1],"scaleCompensation":false},{"name":"Bip004 R Finger0Nub","position":[3.06954,0,1.90735e-06],"rotation":[-0,1.06722e-07,-180],"scale":[-1,-1,-1],"scaleCompensation":false},{"name":"Bip004 R Finger1","position":[6.21201,0.406847,1.52306],"rotation":[0.126016,1.47307,15.4557],"scale":[1,1,1],"scaleCompensation":false},{"name":"Bip004 R Finger11","position":[2.17573,0,3.8147e-06],"rotation":[2.13443e-07,-0,4.26887e-07],"scale":[1,1,1],"scaleCompensation":false},{"name":"Bip004 R Finger1Nub","position":[3.09529,9.53674e-07,0],"rotation":[-2.13443e-07,0,-180],"scale":[-1,-1,-1],"scaleCompensation":false},{"name":"Bip004 R Finger2","position":[6.31351,0.376947,0.199749],"rotation":[0.65506,3.61434,16.0085],"scale":[1,1,1],"scaleCompensation":false},{"name":"Bip004 R Finger21","position":[2.2026,0,-3.8147e-06],"rotation":[0,-0,3.20165e-07],"scale":[1,1,1],"scaleCompensation":false},{"name":"Bip004 R Finger2Nub","position":[3.23243,-9.53674e-07,0],"rotation":[-0,0,-180],"scale":[-1,-1,-1],"scaleCompensation":false},{"name":"Bip004 R Finger3","position":[6.15526,0.448761,-1.22927],"rotation":[3.73637,-0.729354,16.9977],"scale":[1,1,1],"scaleCompensation":false},{"name":"Bip004 R Finger31","position":[2.12493,-9.53674e-07,0],"rotation":[0,1.70755e-06,-1.86763e-07],"scale":[1,1,1],"scaleCompensation":false},{"name":"Bip004 R Finger3Nub","position":[2.8915,0,0],"rotation":[-0,-1.70755e-06,180],"scale":[-1,-1,-1],"scaleCompensation":false},{"name":"Bip004 R Finger4","position":[5.93749,0.719826,-2.36699],"rotation":[0.0427413,-1.23337,20.5193],"scale":[1,1,1],"scaleCompensation":false},{"name":"Bip004 R Finger41","position":[1.53869,0,-3.8147e-06],"rotation":[0,-0,8.00413e-08],"scale":[1,1,1],"scaleCompensation":false},{"name":"Bip004 R Finger4Nub","position":[2.22941,9.53674e-07,-3.8147e-06],"rotation":[-0,0,-180],"scale":[-1,-1,-1],"scaleCompensation":false}],"parents":[-1,0,0,2,3,4,5,6,7,8,4,10,11,12,13,4,15,16,17,18,17,20,21,22,23,24,25,23,27,28,23,30,31,23,33,34,23,36,37,17,39,40,41,42,43,44,42,46,47,42,49,50,42,52,53,42,55,56],"skins":[{"inverseBindMatrices":[[1.34309e-06,-1.40269e-06,1,0,1,1.88394e-12,-1.34309e-06,0,0,1,1.40269e-06,0,-86.7238,-0.93587,0.000115165,1],[0.0879684,0.00812052,-0.99609,0,-0.992934,-0.0792446,-0.0883357,0,-0.0796521,0.996822,0.00109212,0,27.7454,1.92063,10.3896,1],[0.983199,-0.0121869,0.182132,0,-0.182145,6.98492e-10,0.983272,0,-0.0119831,-0.999926,-0.00221979,0,10.1031,-0.883981,-82.0323,1],[0.241616,0.24314,0.939417,0,-0.886568,-0.33825,0.315569,0,0.394485,-0.909104,0.133834,0,40.8857,13.0694,-41.6685,1],[0.31034,0.14555,0.939417,0,-0.948803,-0.0137403,0.315569,0,0.0588389,-0.989255,0.133834,0,40.005,-0.690099,-41.6685,1],[0.301523,-0.953222,0.02126,0,-0.952694,-0.302099,-0.0333293,0,0.0381928,-0.0102048,-0.999218,0,39.9073,43.6333,1.67066,1],[0.0121196,-0.9997,0.0212597,0,-0.999362,-0.0128243,-0.0333293,0,0.033592,-0.0208422,-0.999218,0,48.7641,30.8155,1.67067,1],[0.292994,-0.956113,0.00172322,0,-0.956114,-0.292995,-0.000214934,0,0.000710398,-0.00158462,-0.999998,0,40.184,43.3187,-0.763326,1],[-0.0942669,-0.995546,0.00172424,0,-0.995547,0.0942667,-0.000214815,0,5.13196e-05,-0.00173682,-0.999999,0,51.6437,25.5347,-0.763363,1],[0.274647,-0.961134,-0.0280942,0,-0.95852,-0.271351,-0.0872202,0,0.0762069,0.0508837,-0.995793,0,41.0555,42.3781,3.1254,1],[-0.152095,-0.987967,-0.0280943,0,-0.984214,0.153997,-0.0872201,0,0.090497,0.0143851,-0.995793,0,53.0769,22.2337,3.1254,1],[0.214802,-0.97603,0.0350035,0,-0.97304,-0.216951,-0.0782695,0,0.0839874,-0.0172474,-0.996318,0,43.7172,39.5593,-0.341622,1],[0.0311924,-0.9989,0.0350029,0,-0.996357,-0.0338557,-0.0782695,0,0.0793685,-0.0324339,-0.996318,0,48.7483,31.1058,-0.341602,1],[0.000680447,0.0856218,-0.996327,0,-0.999945,0.010524,0.000221491,0,0.0105043,0.996272,0.0856242,0,5.40547,0.664227,10.0475,1],[0.55013,0.0304321,0.834525,0,-0.83256,-0.0575788,0.550934,0,0.064817,-0.997877,-0.0063393,0,47.2602,1.09721,-53.3276,1],[0.543959,-0.838535,0.0310997,0,-0.836601,-0.544824,-0.0571451,0,0.064862,0.00506654,-0.997881,0,32.9977,53.0865,1.05494,1],[0.0883424,0.000139202,-0.99609,0,-0.996032,0.0107973,-0.0883357,0,0.0107428,0.999942,0.00109251,0,54.2525,-0.594205,10.3896,1],[0.085636,-0.000680527,-0.996326,0,0.0105239,0.999945,0.00022155,0,0.996271,-0.0105042,0.0856384,0,-6.81968,-0.465715,10.0476,1],[0.54852,-0.0519092,0.834525,0,-0.831842,0.0671643,0.550934,0,-0.0846488,-0.996391,-0.00633928,0,62.2527,-5.95956,-53.3276,1],[6.12323e-17,0.000149701,1,0,1,-0.000796318,1.19209e-07,0,0.000796318,1,-0.000149701,0,-82.4668,-0.86681,0.000129767,1],[1.54972e-06,2.75771e-06,1,0,1,-4.27368e-12,-1.54972e-06,0,0,1,-2.75771e-06,0,-54.9614,2.34887e-10,8.51749e-05,1],[-0.0879688,-0.00811871,-0.99609,0,-0.992934,-0.0792445,0.088336,0,-0.0796518,0.996822,-0.00109029,0,27.7454,1.92062,-10.3896,1],[-0.983199,0.0121842,0.182132,0,-0.182145,6.98492e-10,-0.983272,0,-0.0119804,-0.999926,0.00221929,0,10.1031,-0.883981,82.0323,1],[-0.227952,-0.264656,0.937014,0,-0.871393,-0.373906,-0.317597,0,0.434409,-0.888904,-0.145387,0,40.6232,14.9739,41.5381,1],[-0.304882,-0.170447,0.937014,0,-0.946775,-0.0524383,-0.317597,0,0.103269,-0.983971,-0.145387,0,40.4114,1.18894,41.5381,1],[-0.296574,0.953884,0.0463695,0,-0.951434,-0.299313,0.0720128,0,0.0825708,-0.0227604,0.996325,0,40.3498,43.2655,-3.48804,1],[-0.00719166,0.998899,0.0463675,0,-0.997348,-0.0105232,0.0720128,0,0.0724214,-0.0457267,0.996325,0,49.081,30.3352,-3.4881,1],[-0.288981,0.956954,0.0269945,0,-0.956274,-0.289873,0.0388927,0,0.0450436,-0.0145749,0.998879,0,40.6906,42.9306,-1.03253,1],[0.0982971,0.994791,0.0269944,0,-0.994503,0.0972133,0.0388927,0,0.0360659,-0.0306691,0.998879,0,51.9638,24.9825,-1.03253,1],[-0.268723,0.963212,-0.00327442,0,-0.955702,-0.266201,0.125578,0,0.120086,0.0368749,0.992078,0,41.4164,41.8846,-4.94402,1],[0.158346,0.987378,-0.00327459,0,-0.979502,0.157499,0.125578,0,0.124508,-0.0166772,0.992078,0,53.1986,21.6345,-4.94403,1],[-0.208641,0.976159,0.059852,0,-0.969725,-0.21443,0.116849,0,0.126898,-0.0336604,0.991344,0,44.0371,39.1613,-1.51643,1],[-0.0251132,0.997891,0.0598519,0,-0.992634,-0.0319894,0.116849,0,0.118518,-0.0564766,0.991344,0,48.9893,30.6557,-1.51643,1],[-0.000680447,-0.0856331,-0.996327,0,-0.999945,0.010524,-0.00022161,0,0.0105043,0.996271,-0.0856355,0,5.40547,0.664085,-10.0476,1],[-0.544916,-0.0554059,0.836658,0,-0.831131,-0.0962205,-0.547688,0,0.110849,-0.993817,0.00638254,0,47.7379,2.94805,53.0844,1],[-0.53873,0.84061,0.0560753,0,-0.835148,-0.541619,0.0957893,0,0.110893,0.00477334,0.993821,0,33.4737,52.8412,-2.90597,1],[-0.0883424,-0.000136427,-0.99609,0,-0.996032,0.0107973,0.0883358,0,0.0107431,0.999942,-0.00108975,0,54.2525,-0.594205,-10.3896,1],[-0.0856333,0.000680563,-0.996327,0,0.010524,0.999945,-0.000221491,0,0.996271,-0.0105043,-0.0856357,0,-6.81968,-0.465714,-10.0476,1],[-0.543625,0.0669005,0.836658,0,-0.83176,0.0906189,-0.547688,0,-0.112458,-0.993636,0.00638249,0,62.2672,-7.71921,53.0844,1],[6.12323e-17,0.000149701,1,0,1,-0.000796318,1.19209e-07,0,0.000796318,1,-0.000149701,0,-62.2078,0.0575737,-8.60779e-06,1],[6.12323e-17,0.000149701,1,0,1,-0.000796318,1.19209e-07,0,0.000796318,1,-0.000149701,0,-72.3038,0.0656656,-9.81909e-06,1]],"boneNames":["Bip004 Head","Bip004 L Calf","Bip004 L Clavicle","Bip004 L Finger0","Bip004 L Finger01","Bip004 L Finger1","Bip004 L Finger11","Bip004 L Finger2","Bip004 L Finger21","Bip004 L Finger3","Bip004 L Finger31","Bip004 L Finger4","Bip004 L Finger41","Bip004 L Foot","Bip004 L Forearm","Bip004 L Hand","Bip004 L Thigh","Bip004 L Toe0","Bip004 L UpperArm","Bip004 Neck","Bip004 Pelvis","Bip004 R Calf","Bip004 R Clavicle","Bip004 R Finger0","Bip004 R Finger01","Bip004 R Finger1","Bip004 R Finger11","Bip004 R Finger2","Bip004 R Finger21","Bip004 R Finger3","Bip004 R Finger31","Bip004 R Finger4","Bip004 R Finger41","Bip004 R Foot","Bip004 R Forearm","Bip004 R Hand","Bip004 R Thigh","Bip004 R Toe0","Bip004 R UpperArm","Bip004 Spine1","Bip004 Spine2"]}],"morphs":[],"vertices":[{"position":{"type":"float32","components":3,"data":[3.18011,97.7485,-0.177022,0.154522,98.2921,-0.34235,2.73646,97.6547,2.35709,3.84816,96.8672,2.28026,0.217941,96.3086,-2.59937,-0.0216484,98.3406,2.37751,1.98168,86.8388,3.84142,0.880852,86.2025,5.67332,1.86227,86.6298,3.0685,-0.0216484,85.9122,3.89075,-0.0216484,86.072,5.98841,0.217941,96.3086,-2.59937,3.77007,93.8852,-2.03074,0.207054,93.752,-3.53728,0.227623,90.6688,-2.69116,0.207054,93.752,-3.53728,3.77007,93.8852,-2.03074,3.68031,91.2873,-1.17178,2.17104,88.5944,-1.99255,-2.19992,88.5944,-1.99255,0.227623,90.6688,-2.69116,4.22599,92.0833,0.562995,3.62076,90.3591,0.928429,4.10289,95.2921,0.126122,4.32328,93.2578,0.674002,4.20365,95.704,2.16416,4.11346,93.3167,1.99026,4.22599,92.0833,0.562995,4.90055,91.9559,0.454595,4.57944,90.5877,0.734048,3.62076,90.3591,0.928429,3.57479,89.4057,1.36591,4.13835,89.7054,1.25987,3.87236,92.3048,1.91167,4.58447,92.5864,0.992719,4.22599,92.0833,0.562995,3.53226,89.6015,1.94414,2.92628,88.0435,2.48603,3.07809,87.9901,1.43401,3.57479,89.4057,1.36591,3.53226,89.6015,1.94414,3.62076,90.3591,0.928429,3.57479,89.4057,1.36591,3.07809,87.9901,1.43401,3.08927,87.6743,0.343222,2.17104,88.5944,-1.99255,4.57944,90.5877,0.734048,4.90055,91.9559,0.454595,3.77459,91.4818,1.93894,4.13835,89.7054,1.25987,3.53226,89.6015,1.94414,4.58447,92.5864,0.992719,3.87236,92.3048,1.91167,-0.0216446,89.3987,7.61545,-0.0216446,89.0655,6.76297,0.40313,89.1537,6.63124,0.40131,89.4528,7.35223,1.19521,88.8169,6.1548,0.808346,89.2039,6.37717,0.351337,88.8365,6.65947,-0.0216484,88.8147,6.75848,-0.0216484,86.072,5.98841,0.880852,86.2025,5.67332,0.917858,86.4591,5.92981,-0.0216484,86.337,6.34954,-0.0216484,87.8433,6.65256,-0.0216484,87.4246,6.27083,0.789101,87.3406,6.07839,0.727936,87.8639,6.27598,2.06779,87.3451,4.51419,1.47275,87.5833,5.53717,1.30802,88.2837,5.73004,-0.0216484,97.6763,5.54828,-0.0216484,95.6511,6.46842,1.60139,95.4792,6.2858,2.09281,97.3865,5.3688,-0.0216484,94.1104,6.72524,0.974396,94.0273,6.66307,1.67911,93.7366,6.4443,2.80258,94.4576,5.35594,3.26139,96.2486,4.00547,-0.0216484,98.3406,2.37751,-0.0216484,97.6763,5.54828,2.09281,97.3865,5.3688,2.73646,97.6547,2.35709,0.31649,89.8067,7.36193,-0.0216446,89.8235,7.68174,0.510807,89.9973,6.88403,0.839184,89.6313,6.70771,0.444569,91.7026,6.13504,0.227596,91.2347,7.16719,-0.0216408,91.2579,7.27329,0.813873,89.9474,6.35142,0.724396,91.3831,6.05997,0.367252,92.1176,6.27411,-0.0216446,92.2799,6.42631,-0.0216446,92.8102,6.68341,0.424355,92.6337,6.6193,1.98168,86.8388,3.84142,3.53226,89.6015,1.94414,2.89593,88.3711,3.21005,2.92628,88.0435,2.48603,3.20856,89.8866,4.06301,1.00644,91.7537,5.90981,1.75312,92.9212,6.2575,1.04181,92.2339,6.30864,3.45704,94.7017,3.91475,2.90539,92.7256,5.27323,3.49286,93.5589,3.71861,2.93133,92.172,5.40339,3.22765,92.3125,4.37761,4.20365,95.704,2.16416,3.45704,94.7017,3.91475,3.49286,93.5589,3.71861,4.11346,93.3167,1.99026,3.77459,91.4818,1.93894,3.87236,92.3048,1.91167,3.77459,91.4818,1.93894,1.30802,88.2837,5.73004,1.0884,88.2208,5.86692,1.09122,88.3229,5.93581,1.09122,88.3229,5.93581,0.599625,88.5369,6.42159,-0.0216484,88.5813,6.54689,-0.0216484,88.4788,6.81926,-0.0216484,88.0936,6.40226,0.364124,88.1465,6.36172,0.300648,88.6056,6.756,0.744793,88.1443,6.21757,0.719578,88.4215,6.46297,1.0884,88.2208,5.86692,1.30802,88.2837,5.73004,2.71776,91.3064,5.58783,2.18976,91.7278,5.72429,1.62075,91.5566,5.998,1.66007,91.2011,6.06094,2.1784,91.9854,5.80411,1.65934,92.3757,6.25169,1.6749,91.9964,6.00206,1.20235,92.0058,5.99772,1.61975,91.5578,5.9912,2.17851,91.7092,5.71934,2.40618,91.9926,5.60679,1.04324,89.5089,6.34166,3.26139,96.2486,4.00547,3.84816,96.8672,2.28026,1.53415,90.2481,6.10257,2.41379,90.1225,5.64376,0.726566,89.3789,6.81114,3.63458,91.0625,3.90584,2.81793,91.8813,5.36655,1.89582,88.5629,5.52475,2.10564,87.9884,5.03747,-0.0144386,84.6788,3.50184,1.9551,85.598,2.11225,1.86227,86.6298,3.0685,-0.0216484,85.9122,3.89075,3.17573,86.7955,0.178413,3.87236,92.3048,1.91167,4.22599,92.0833,0.562995,-3.2234,97.7485,-0.177024,-3.8341,96.9238,2.28026,-2.96622,97.6264,2.35709,-2.02498,86.8388,3.84142,-1.90557,86.6298,3.0685,-0.924152,86.2025,5.67332,-3.81338,93.8852,-2.03074,-3.72361,91.2873,-1.17178,-3.81338,93.8852,-2.03074,-4.26935,92.0833,0.562993,-3.66411,90.3591,0.928427,-4.36658,93.2578,0.674,-4.14625,95.2921,0.12612,-4.15676,93.3167,1.99026,-4.24701,95.704,2.16416,-4.26935,92.0833,0.562993,-3.66411,90.3591,0.928427,-4.62273,90.5877,0.734046,-4.94391,91.9559,0.454592,-3.61814,89.4057,1.36591,-4.18165,89.7054,1.25987,-3.91572,92.3048,1.91167,-4.26935,92.0833,0.562993,-4.62778,92.5864,0.992717,-3.57555,89.6015,1.94414,-2.19992,88.5944,-1.99255,-2.96965,88.0435,2.48602,-3.12138,87.9901,1.43401,-3.57555,89.6015,1.94414,-3.61814,89.4057,1.36591,-3.66411,90.3591,0.928427,-3.13257,87.6743,0.343221,-3.12138,87.9901,1.43401,-3.61814,89.4057,1.36591,-2.19992,88.5944,-1.99255,-4.62273,90.5877,0.734046,-3.81788,91.4818,1.93893,-4.94391,91.9559,0.454592,-4.18165,89.7054,1.25987,-3.57555,89.6015,1.94414,-3.91572,92.3048,1.91167,-4.62778,92.5864,0.992717,-0.444675,89.4528,7.35223,-0.44643,89.1537,6.63124,-1.23851,88.8169,6.1548,-0.394699,88.8365,6.65947,-0.851707,89.2039,6.37717,-0.961151,86.4591,5.92981,-0.924152,86.2025,5.67332,-0.771286,87.8639,6.27598,-0.832397,87.3406,6.07839,-1.51611,87.5833,5.53717,-2.11115,87.3451,4.51418,-1.35134,88.2837,5.73004,-2.20786,97.3036,5.3688,-1.38658,95.564,6.2858,-1.01769,94.0273,6.57258,-2.84593,94.172,5.60532,-1.98056,93.9204,6.42449,-3.26175,96.1779,4.5642,-0.0216484,98.3406,2.37751,-2.96622,97.6264,2.35709,-2.20786,97.3036,5.3688,-0.0216484,97.6763,5.54828,-0.359779,89.8067,7.36193,-0.554173,89.9973,6.88403,-0.882557,89.6313,6.70771,-0.270958,91.2347,7.16719,-0.487919,91.7026,6.13504,-0.857235,89.9474,6.35142,-0.767704,91.3831,6.05997,-0.41061,92.1176,6.27411,-0.467716,92.6337,6.6193,-2.02498,86.8388,3.84142,-3.57555,89.6015,1.94414,-2.96965,88.0435,2.48602,-2.93922,88.3711,3.21005,-3.25187,89.8866,4.06301,-1.04084,91.7518,5.91037,-1.79648,92.9212,6.2575,-1.08511,92.2339,6.30864,-3.50039,94.9462,3.91474,-3.53616,93.0768,3.71861,-2.94875,92.7256,5.27323,-3.27101,92.3125,4.37761,-2.97469,92.172,5.40339,-4.24701,95.704,2.16416,-4.15676,93.3167,1.99026,-3.53616,93.0768,3.71861,-3.50039,94.9462,3.91474,-3.81788,91.4818,1.93893,-3.91572,92.3048,1.91167,-3.81788,91.4818,1.93893,-1.35134,88.2837,5.73004,-1.13458,88.3229,5.93581,-1.13176,88.2208,5.86692,-1.13458,88.3229,5.93581,-0.642982,88.5369,6.42159,-0.343952,88.6056,6.756,-0.407478,88.1465,6.36172,-0.762882,88.4215,6.46297,-0.788082,88.1443,6.21757,-1.13176,88.2208,5.86692,-1.35134,88.2837,5.73004,-2.76105,91.3064,5.58783,-1.70344,91.2011,6.06094,-1.66233,91.5534,5.99959,-2.23794,91.7265,5.72269,-2.22651,91.988,5.80344,-1.71707,91.9999,6.0037,-1.7027,92.3757,6.25169,-1.23903,92.0087,5.99932,-1.66133,91.5546,5.99272,-2.22655,91.7077,5.71768,-2.45546,91.9944,5.60382,-1.08654,89.5089,6.34166,-3.8341,96.9238,2.28026,-3.26175,96.1779,4.5642,-1.57745,90.2481,6.10257,-2.45709,90.1225,5.64376,-0.769943,89.3789,6.81114,-3.67794,91.0625,3.90583,-2.86129,91.8813,5.36655,-1.93918,88.5629,5.52475,-2.14895,87.9884,5.03747,-1.90557,86.6298,3.0685,-1.98404,85.598,2.11225,-3.20462,86.7955,0.178411,-4.26935,92.0833,0.562993,-3.91572,92.3048,1.91167,-3.25187,89.8866,4.06301,-3.67794,91.0625,3.90583,-3.81788,91.4818,1.93893,-4.95472,84.3435,-0.907374,-3.22417,85.0439,-0.539169,-4.41098,83.7812,-4.19043,-4.41098,83.7812,-4.19043,-6.90734,83.9136,-1.17195,-4.95472,84.3435,-0.907374,-23.4268,58.261,-0.108279,-17.8882,63.871,-0.921724,-24.6854,59.1817,0.87822,-20.1041,65.3326,0.90234,-23.6217,57.9322,-1.92197,-17.4982,63.6076,-2.94076,-24.1682,59.2203,-3.85289,-19.2246,65.3949,-6.23559,-23.6217,57.9322,-1.92197,-17.4982,63.6076,-2.94076,-25.828,60.0497,-2.43833,-22.23,67.3422,-3.6494,-25.8453,59.9811,-0.427285,-22.3199,66.9876,-0.445136,-12.873,71.2339,-3.12398,-9.65003,74.4692,-2.54816,-13.1843,71.4749,-0.3604,-9.51442,75.6526,1.50298,-14.3961,77.2266,-3.00084,-16.6409,74.2906,-3.17469,-14.7409,76.4982,-0.447446,-16.4407,74.0039,-0.759958,-16.3364,67.2085,-0.918256,-18.0004,68.186,-0.0783919,-15.7798,67.4064,-3.24065,-17.324,68.5904,-5.69624,-15.7798,67.4064,-3.24065,-19.4613,70.1214,-3.7699,-19.5375,69.3748,-1.10004,-13.1843,71.4749,-0.3604,-9.51442,75.6526,1.50298,-15.2119,72.8787,0.541088,-12.0531,77.2568,1.38188,-16.6409,74.2906,-3.17469,-14.3961,77.2266,-3.00084,-14.4156,72.9804,-5.12203,-11.0143,77.3599,-4.66239,-12.873,71.2339,-3.12398,-9.65003,74.4692,-2.54816,-14.7409,76.4982,-0.447446,-16.4407,74.0039,-0.759958,-14.4156,72.9804,-5.12203,-12.873,71.2339,-3.12398,-17.324,68.5904,-5.69624,-15.7798,67.4064,-3.24065,-13.1843,71.4749,-0.3604,-15.2119,72.8787,0.541088,-16.3364,67.2085,-0.918256,-18.0004,68.186,-0.0783919,-16.4407,74.0039,-0.759958,-19.5375,69.3748,-1.10004,-16.6409,74.2906,-3.17469,-19.4613,70.1214,-3.7699,-12.873,71.2339,-3.12398,-15.7798,67.4064,-3.24065,-26.743,56.1063,1.18384,-25.6332,55.8271,0.446281,-24.6854,59.1817,0.87822,-23.4268,58.261,-0.108279,-25.6116,55.6435,-1.69647,-23.6217,57.9322,-1.92197,-25.6116,55.6435,-1.69647,-24.1682,59.2203,-3.85289,-23.6217,57.9322,-1.92197,-27.8432,56.5831,-2.44531,-25.828,60.0497,-2.43833,-27.8137,56.5559,0.218147,-25.8453,59.9811,-0.427285,-26.5257,56.3312,-3.20491,-29.0715,54.3769,-0.779147,-27.8432,56.5831,-2.44531,-28.2695,54.1133,-3.14608,-26.099,53.3945,-0.823958,-26.3871,53.4325,-2.89105,-25.6116,55.6435,-1.69647,-25.458,52.7531,2.51843,-25.6332,55.8271,0.446281,-26.0429,51.7289,1.58247,-28.9012,54.3543,1.38844,-26.9816,53.2256,3.00752,-27.8137,56.5559,0.218147,-26.743,56.1063,1.18384,-27.2985,48.8885,2.33822,-28.0347,49.1404,2.50503,-26.8294,50.1369,2.34838,-27.7307,50.4324,2.48483,-25.458,52.7531,2.51843,-25.6332,55.8271,0.446281,-28.2695,54.1133,-3.14608,-28.627,50.8227,-3.43925,-26.5474,50.0439,3.27285,-27.4467,48.3171,3.06218,-27.4467,48.3171,3.06218,-26.5474,50.0439,3.27285,-28.1866,48.6084,3.24318,-27.7113,50.2753,3.50091,-26.5474,50.0439,3.27285,-25.458,52.7531,2.51843,-26.9816,53.2256,3.00752,-27.6125,51.481,2.36643,-27.7113,50.2753,3.50091,-27.7307,50.4324,2.48483,-25.458,52.7531,2.51843,-26.5474,50.0439,3.27285,-28.1866,48.6084,3.24318,-30.8303,48.7681,0.366097,-30.2553,51.2702,1.63579,-30.3039,51.238,-0.868428,-30.8348,48.8502,1.47996,-30.7763,48.6695,-0.962619,-30.8303,48.7681,0.366097,-30.3039,51.238,-0.868428,-29.9762,48.7939,1.51648,-28.6213,51.068,1.72579,-29.752,51.1691,-3.41993,-30.3039,51.238,-0.868428,-29.9762,48.7939,1.51648,-30.0265,48.5421,0.304495,-28.6213,51.068,1.72579,-28.6834,50.8897,-0.818763,-30.8303,48.7681,0.366097,-30.5993,46.1689,0.657749,-30.8348,48.8502,1.47996,-30.5981,46.1874,1.36401,-29.9953,46.7063,1.37472,-29.9762,48.7939,1.51648,-29.4017,47.504,-2.70497,-29.967,46.9765,-2.72186,-29.3772,48.8238,-3.06342,-30.0972,49.2293,-3.20379,-29.9762,48.7939,1.51648,-29.9955,46.6885,0.648801,-30.0265,48.5421,0.304495,-29.9953,46.7063,1.37472,-28.7573,52.4917,2.47456,-28.6213,51.068,1.72579,-30.2597,48.598,-2.10959,-30.7763,48.6695,-0.962619,-27.6125,51.481,2.36643,-28.0347,49.1404,2.50503,-28.6213,51.068,1.72579,-28.6834,50.8897,-0.818763,-29.6271,48.6607,-2.05416,-29.3772,48.8238,-3.06342,-29.9205,48.4132,-0.929088,-30.0265,48.5421,0.304495,-30.2597,48.598,-2.10959,-29.9673,47.1426,-2.12706,-29.6271,48.6607,-2.05416,-29.405,47.6691,-2.11675,-30.0265,48.5421,0.304495,-29.8452,46.2055,-0.668595,-29.9205,48.4132,-0.929088,-29.8327,46.2202,0.0567166,-30.386,45.7428,0.0586267,-30.8303,48.7681,0.366097,-30.4087,45.7233,-0.652709,-30.7763,48.6695,-0.962619,-30.2597,48.598,-2.10959,-30.1466,46.3392,-1.67774,-30.7763,48.6695,-0.962619,-30.2093,46.3803,-1.0395,-29.9205,48.4132,-0.929088,-29.6415,46.755,-1.65808,-29.6271,48.6607,-2.05416,-29.7108,46.7938,-1.01064,-29.6271,48.6607,-2.05416,-29.9205,48.4132,-0.929088,-29.9673,47.1426,-2.12706,-29.967,46.9765,-2.72186,-30.2597,48.598,-2.10959,-30.0972,49.2293,-3.20379,-26.5257,56.3312,-3.20491,-25.6116,55.6435,-1.69647,-30.0265,48.5421,0.304495,-29.9955,46.6885,0.648801,-29.405,47.6691,-2.11675,-29.6271,48.6607,-2.05416,-29.8327,46.2202,0.0567166,-30.0265,48.5421,0.304495,-29.6271,48.6607,-2.05416,-29.6415,46.755,-1.65808,-29.7108,46.7938,-1.01064,-29.9205,48.4132,-0.929088,-8.96538,83.2705,-0.517205,-6.90734,83.9136,-1.17195,-9.36643,82.6182,-3.59027,-9.36643,82.6182,-3.59027,-4.82401,65.388,4.77232,-4.49822,59.6914,4.22999,3.8147e-06,64.7906,6.36626,0.00219727,59.5387,5.83463,-5.50025,73.3615,5.35095,7.62939e-06,73.8687,6.56447,-5.53496,75.9727,6.08985,3.8147e-06,76.0343,6.44915,-9.51442,75.6526,1.50298,-9.43784,76.9661,3.08956,-5.6339,79.4946,4.86244,7.62939e-06,79.258,5.23698,-7.43232,66.2951,-0.445789,-7.50266,59.9285,0.0274106,-5.59118,66.7726,-3.76232,-5.50455,59.8728,-3.3325,-7.43232,66.2951,-0.445789,-7.50266,59.9285,0.0274106,-5.59118,66.7726,-3.76232,-7.80399,69.5848,-0.769098,-7.15039,75.6387,-5.48211,-9.65003,74.4692,-2.54816,-5.06057,68.9134,5.32859,3.8147e-06,70.878,7.04883,-7.80399,69.5848,-0.769098,-9.65003,74.4692,-2.54816,-7.80399,69.5848,-0.769098,-9.51442,75.6526,1.50298,-4.95472,84.3435,-0.907374,-5.37787,82.4234,2.40339,-3.22417,85.0439,-0.539169,-1.56617,82.9088,2.8872,-13.2011,80.2743,0.0789392,-11.1618,79.5524,2.42738,-11.265,82.2249,-0.0437365,-9.03012,81.8033,2.24896,-13.2011,80.2743,0.0789392,-11.265,82.2249,-0.0437365,-12.5924,80.0696,-3.64247,-9.36643,82.6182,-3.59027,-13.2011,80.2743,0.0789392,-9.16993,79.6349,3.30397,-14.7409,76.4982,-0.447446,-13.2011,80.2743,0.0789392,-14.3961,77.2266,-3.00084,-6.90734,83.9136,-1.17195,-9.03012,81.8033,2.24896,-8.96538,83.2705,-0.517205,7.62939e-06,81.6876,3.94905,-5.37787,82.4234,2.40339,-12.5924,80.0696,-3.64247,-7.15039,75.6387,-5.48211,-9.36643,82.6182,-3.59027,-9.43784,76.9661,3.08956,-9.16993,79.6349,3.30397,-9.03012,81.8033,2.24896,24.6854,59.1817,0.87822,17.8882,63.871,-0.921724,23.4268,58.261,-0.108279,20.1041,65.3326,0.90234,17.4982,63.6076,-2.94076,23.6217,57.9322,-1.92197,23.6217,57.9322,-1.92197,19.2246,65.3949,-6.23559,24.1682,59.2203,-3.85289,17.4982,63.6076,-2.94076,22.23,67.3422,-3.6494,25.828,60.0497,-2.43833,22.3199,66.9876,-0.445136,25.8453,59.9811,-0.427285,13.1843,71.4749,-0.3604,9.65003,74.4692,-2.54816,12.873,71.2339,-3.12398,9.51442,75.6526,1.50298,14.7409,76.4982,-0.447446,16.6409,74.2906,-3.17469,14.3961,77.2266,-3.00084,16.4407,74.0039,-0.759957,16.3364,67.2085,-0.918256,18.0004,68.186,-0.0783919,15.7798,67.4064,-3.24065,17.324,68.5904,-5.69624,15.7798,67.4064,-3.24065,19.4613,70.1214,-3.7699,19.5375,69.3748,-1.10004,15.2119,72.8787,0.541088,9.51442,75.6526,1.50298,13.1843,71.4749,-0.3604,12.0531,77.2568,1.38188,14.4156,72.9804,-5.12203,14.3961,77.2266,-3.00084,16.6409,74.2906,-3.17469,11.0143,77.3599,-4.66239,12.873,71.2339,-3.12398,9.65003,74.4692,-2.54816,16.4407,74.0039,-0.759957,14.7409,76.4982,-0.447446,17.324,68.5904,-5.69624,12.873,71.2339,-3.12398,14.4156,72.9804,-5.12203,15.7798,67.4064,-3.24065,16.3364,67.2085,-0.918256,15.2119,72.8787,0.541088,13.1843,71.4749,-0.3604,18.0004,68.186,-0.0783919,19.5375,69.3748,-1.10004,16.4407,74.0039,-0.759957,19.4613,70.1214,-3.7699,16.6409,74.2906,-3.17469,15.7798,67.4064,-3.24065,12.873,71.2339,-3.12398,24.6854,59.1817,0.87822,25.6332,55.8271,0.446281,26.743,56.1063,1.18384,23.4268,58.261,-0.108279,25.6116,55.6435,-1.69647,23.6217,57.9322,-1.92197,23.6217,57.9322,-1.92197,24.1682,59.2203,-3.85289,25.6116,55.6435,-1.69647,25.828,60.0497,-2.43833,27.8432,56.5831,-2.44531,27.8137,56.5559,0.218147,25.8453,59.9811,-0.427285,26.5257,56.3312,-3.20491,28.2695,54.1133,-3.14608,27.8432,56.5831,-2.44531,29.0715,54.3769,-0.779147,25.6116,55.6435,-1.69647,26.3871,53.4325,-2.89105,26.099,53.3945,-0.823958,25.458,52.7531,2.51843,25.6332,55.8271,0.446281,26.0429,51.7289,1.58247,27.8137,56.5559,0.218147,26.9816,53.2256,3.00752,28.9012,54.3543,1.38844,26.743,56.1063,1.18384,26.8294,50.1369,2.34838,28.0347,49.1404,2.50503,27.2985,48.8885,2.33822,27.7307,50.4324,2.48483,25.458,52.7531,2.51843,25.6332,55.8271,0.446281,28.627,50.8227,-3.43925,28.2695,54.1133,-3.14608,26.5474,50.0439,3.27285,27.4467,48.3171,3.06218,28.1866,48.6084,3.24318,26.5474,50.0439,3.27285,27.4467,48.3171,3.06218,27.7113,50.2753,3.50091,25.458,52.7531,2.51843,26.5474,50.0439,3.27285,27.7113,50.2753,3.50091,27.6125,51.481,2.36643,26.9816,53.2256,3.00752,27.7307,50.4324,2.48483,26.5474,50.0439,3.27285,25.458,52.7531,2.51843,28.1866,48.6084,3.24318,30.3039,51.238,-0.868428,30.2553,51.2702,1.63579,30.8303,48.7681,0.366097,30.8348,48.8502,1.47996,30.3039,51.238,-0.868428,30.8303,48.7681,0.366097,30.7763,48.6695,-0.962619,29.9762,48.7939,1.51648,28.6213,51.068,1.72579,30.3039,51.238,-0.868428,29.752,51.1691,-3.41993,28.6213,51.068,1.72579,30.0265,48.5421,0.304495,29.9762,48.7939,1.51648,28.6834,50.8897,-0.818763,29.9953,46.7063,1.37472,30.5993,46.1689,0.65775,30.5981,46.1874,1.36401,29.9955,46.6885,0.648801,30.8348,48.8502,1.47996,30.5993,46.1689,0.65775,30.8303,48.7681,0.366097,30.5981,46.1874,1.36401,29.9953,46.7063,1.37472,29.9762,48.7939,1.51648,29.3772,48.8238,-3.06342,29.967,46.9765,-2.72186,29.4017,47.504,-2.70497,30.0972,49.2293,-3.20379,30.0265,48.5421,0.304495,29.9762,48.7939,1.51648,28.7573,52.4917,2.47456,28.6213,51.068,1.72579,30.7763,48.6695,-0.962619,30.2597,48.598,-2.10959,27.6125,51.481,2.36643,28.0347,49.1404,2.50503,28.6213,51.068,1.72579,28.6834,50.8897,-0.818763,29.6271,48.6607,-2.05416,29.3772,48.8238,-3.06342,30.0265,48.5421,0.304495,29.9205,48.4132,-0.929088,29.8327,46.2202,0.0567166,30.4087,45.7233,-0.652709,30.386,45.7428,0.0586267,29.8453,46.2055,-0.668595,30.2597,48.598,-2.10959,29.9673,47.1426,-2.12706,29.6271,48.6607,-2.05416,29.405,47.6691,-2.11675,29.9205,48.4132,-0.929088,30.0265,48.5421,0.304495,30.4087,45.7233,-0.652709,30.8303,48.7681,0.366097,30.386,45.7428,0.0586267,30.7763,48.6695,-0.962619,30.7763,48.6695,-0.962619,30.1466,46.3392,-1.67774,30.2597,48.598,-2.10959,30.2093,46.3803,-1.0395,29.6271,48.6607,-2.05416,29.6415,46.755,-1.65808,29.9205,48.4132,-0.929088,29.7108,46.7938,-1.01064,29.9205,48.4132,-0.929088,29.6271,48.6607,-2.05416,30.2093,46.3803,-1.0395,30.1466,46.3392,-1.67774,29.9673,47.1426,-2.12706,29.967,46.9765,-2.72186,30.0972,49.2293,-3.20379,30.2597,48.598,-2.10959,26.5257,56.3312,-3.20491,25.6116,55.6435,-1.69647,29.9955,46.6885,0.648801,30.0265,48.5421,0.304495,29.6271,48.6607,-2.05416,29.405,47.6691,-2.11675,30.0265,48.5421,0.304495,29.8327,46.2202,0.0567166,29.6415,46.755,-1.65808,29.6271,48.6607,-2.05416,29.9205,48.4132,-0.929088,29.7108,46.7938,-1.01064,9.79911,0.48653,-0.450568,7.93006,0.462612,-0.594983,7.77142,0.401112,-3.76718,11.455,0.51532,-4.26134,12.1448,0.480011,-0.623585,9.36979,0.442394,-5.08101,11.2822,17.8696,-0.976129,9.76242,5.89204,0.340105,11.1412,5.81237,-1.72816,9.85291,17.8706,1.80809,6.37958,17.869,-0.351215,7.54591,5.89706,-0.529013,5.56494,17.8703,-2.41862,8.00935,5.74713,-3.46403,8.43742,17.867,-5.41824,9.16991,5.88629,-4.67979,8.43742,17.867,-5.41824,11.0764,5.79744,-3.67513,9.16991,5.88629,-4.67979,12.4057,17.8687,-3.63411,10.3883,1.70463,9.05619,12.0361,2.86777,7.61763,10.3698,2.90357,8.07123,12.6888,1.76273,8.41842,8.03757,1.73597,8.5311,8.30018,2.87916,7.60464,7.53856,3.01475,-4.26929,7.54591,5.89706,-0.529013,8.00935,5.74713,-3.46403,7.46301,4.15161,-0.46311,9.16991,5.88629,-4.67979,9.33404,3.05882,-5.44248,11.5546,3.13406,-5.00921,11.0764,5.79744,-3.67513,12.4173,3.10127,-1.21099,11.1412,5.81237,-1.72816,9.76242,5.89204,0.340105,12.1763,3.03312,4.20878,11.1412,5.81237,-1.72816,10.3052,3.83554,4.6496,8.07531,3.49917,4.79654,7.54591,5.89706,-0.529013,7.4273,1.714,4.92559,8.07531,3.49917,4.79654,10.2861,0.456223,5.1954,9.79911,0.48653,-0.450568,7.8692,0.375252,4.80306,12.7232,0.546478,3.50218,12.1763,3.03312,4.20878,13.0979,1.6534,4.0568,10.3698,2.90357,8.07123,12.0361,2.86777,7.61763,8.30018,2.87916,7.60464,10.3591,0.408409,8.75399,8.37617,0.32629,8.37184,12.4732,0.523041,8.16438,-7.79112,0.401443,-3.76885,-7.92374,0.49094,-0.452316,-9.81877,0.486816,-0.452234,-11.4747,0.515583,-4.263,-9.3895,0.442657,-5.08268,-12.1645,0.480278,-0.625251,-11.3019,17.8707,-0.977241,-9.78202,5.89219,0.338439,-9.87256,17.8718,1.80698,-11.1609,5.81252,-1.72983,-6.39923,17.8702,-0.352327,-7.56556,5.8972,-0.530679,-5.58463,17.8714,-2.41973,-8.02895,5.74726,-3.4657,-8.45705,17.8682,-5.41935,-9.18956,5.88643,-4.68145,-8.45705,17.8682,-5.41935,-11.096,5.79757,-3.6768,-12.4253,17.8699,-3.63522,-9.18956,5.88643,-4.68145,-10.7657,1.7049,9.21415,-12.6684,2.8681,7.10483,-13.048,1.763,7.88247,-10.7554,2.90383,8.37119,-8.06634,1.73629,8.74633,-8.46475,2.87949,8.00384,-7.55826,3.01502,-4.27096,-7.56556,5.8972,-0.530679,-7.48271,4.15193,-0.464776,-8.02895,5.74726,-3.4657,-9.18956,5.88643,-4.68145,-9.35374,3.05909,-5.44415,-11.5743,3.13438,-5.01088,-11.096,5.79757,-3.6768,-12.437,3.10154,-1.2126,-11.1609,5.81252,-1.72983,-9.78202,5.89219,0.338439,-12.5164,3.03876,3.94491,-10.3249,3.8358,4.64794,-11.1609,5.81252,-1.72983,-8.09495,3.49949,4.79487,-7.56556,5.8972,-0.530679,-7.44695,1.71432,4.92392,-8.09495,3.49949,4.79487,-10.6295,0.446457,5.48174,-7.92144,0.375572,4.43575,-9.81877,0.486816,-0.452234,-12.8933,0.546745,4.09273,-12.5164,3.03876,3.94491,-13.1542,1.64297,4.0415,-10.7554,2.90383,8.37119,-12.6684,2.8681,7.10483,-8.46475,2.87949,8.00384,-10.8294,0.408733,8.75163,-8.12996,0.326614,8.28365,-12.8552,0.523312,7.49693,5.10735,48.5379,-4.86725,5.81301,52.9318,-6.29982,9.36356,50.3772,-2.88282,-0.00987625,54.087,5.57414,1.94357,50.5656,4.24746,5.17443,55.757,5.00219,-0.00987625,50.4862,4.26159,5.58456,53.5076,5.19332,4.49383,59.6914,4.22999,0.00219727,59.5387,5.83463,8.19225,56.685,-2.76132,9.58559,53.9159,1.62194,8.3433,58.1806,0.52501,5.81301,52.9318,-6.29982,5.50015,59.8728,-3.3325,-0.00988388,53.5695,-5.15177,-0.00988388,51.3776,-1.92604,-0.00987625,50.4862,4.26159,1.94357,50.5656,4.24746,10.1801,50.3053,1.6723,6.07263,49.6305,5.26066,9.58559,53.9159,1.62194,2.22145,47.2487,4.06092,1.19765,48.2523,-2.07681,2.22145,47.2487,4.06092,5.10735,48.5379,-4.86725,10.1801,50.3053,1.6723,8.81837,24.5225,2.21589,10.6069,25.2245,0.456588,8.27426,27.3952,3.65602,6.30103,24.6362,1.16206,6.37958,17.869,-0.351215,5.35049,25.9218,-2.47274,5.56494,17.8703,-2.41862,7.40746,25.7174,-5.34338,8.43742,17.867,-5.41824,12.4057,17.8687,-3.63411,7.40746,25.7174,-5.34338,11.9272,26.2201,-2.54567,8.43742,17.867,-5.41824,11.2822,17.8696,-0.976129,10.5445,39.0643,2.10366,7.29982,38.8411,6.27686,7.26471,38.7799,5.04387,11.684,38.8832,2.0306,3.11493,38.591,3.96915,3.34882,39.0726,3.13965,1.61,38.648,-1.72858,2.74215,39.0475,-1.28881,1.61,38.648,-1.72858,5.97952,39.0679,-4.75133,2.74215,39.0475,-1.28881,6.09963,38.625,-6.18095,6.09963,38.625,-6.18095,9.77015,39.0701,-2.02761,5.97952,39.0679,-4.75133,11.0335,38.9157,-3.57499,11.0335,38.9157,-3.57499,9.77015,39.0701,-2.02761,9.67204,30.0961,1.88656,5.11485,29.9174,2.00228,7.5978,30.2517,3.71503,4.26904,30.0794,-1.2068,7.4957,30.601,-3.35696,7.4957,30.601,-3.35696,10.2136,30.3668,-1.20034,7.26471,38.7799,5.04387,10.5445,39.0643,2.10366,3.34882,39.0726,3.13965,2.74215,39.0475,-1.28881,5.97952,39.0679,-4.75133,5.97952,39.0679,-4.75133,9.77015,39.0701,-2.02761,8.3433,58.1806,0.52501,7.49826,59.9285,0.0274119,5.17443,55.757,5.00219,7.49826,59.9285,0.0274119,-0.0065918,59.8847,-4.50312,-0.00988388,53.5695,-5.15177,1.61,38.648,-1.72858,3.11493,38.591,3.96915,7.29982,38.8411,6.27686,3.11493,38.591,3.96915,11.684,38.8832,2.0306,9.36356,50.3772,-2.88282,11.684,38.8832,2.0306,11.0335,38.9157,-3.57499,6.09963,38.625,-6.18095,9.85291,17.8706,1.80809,6.30103,24.6362,1.16206,-9.38332,50.3772,-2.88282,-5.83278,52.9318,-6.29982,-5.12712,48.5379,-4.86725,-1.96333,50.5656,4.24746,-5.09566,55.7911,5.00219,-5.60432,53.5076,5.19332,-4.49822,59.6914,4.22999,-8.21201,56.685,-2.76133,-9.6053,53.9159,1.62194,-8.36307,58.1806,0.525006,-5.83278,52.9318,-6.29982,-5.50455,59.8728,-3.3325,-0.00988388,53.5695,-5.15177,-0.00988388,51.3776,-1.92604,-1.96333,50.5656,4.24746,-10.1999,50.3053,1.67229,-9.6053,53.9159,1.62194,-6.0924,49.6305,5.26066,-2.24122,47.2487,4.06092,-1.21742,48.2523,-2.07681,-2.24122,47.2487,4.06092,-5.12712,48.5379,-4.86725,-10.1999,50.3053,1.67229,-10.6267,25.2245,0.456582,-8.83814,24.5225,2.21589,-8.29403,27.3952,3.65602,-6.30956,24.6572,1.15883,-6.39923,17.8702,-0.352327,-5.37026,25.9218,-2.47275,-5.58463,17.8714,-2.41973,-7.42722,25.7174,-5.34338,-8.45705,17.8682,-5.41935,-12.4253,17.8699,-3.63522,-7.42722,25.7174,-5.34338,-8.45705,17.8682,-5.41935,-11.947,26.2201,-2.54567,-11.3019,17.8707,-0.977241,-10.5589,39.0591,2.10146,-7.71433,38.7002,6.24894,-12.0786,38.7482,2.02196,-7.74957,38.6907,5.0365,-3.5484,38.4145,3.95171,-3.37273,38.7151,3.13607,-2.05037,38.4796,-1.72013,-2.76686,39.0026,-1.2865,-2.05037,38.4796,-1.72013,-5.99991,39.0712,-4.7438,-6.5196,38.4534,-6.15226,-2.76686,39.0026,-1.2865,-6.5196,38.4534,-6.15226,-9.78544,39.0788,-2.02432,-11.431,38.7854,-3.55815,-5.99991,39.0712,-4.7438,-11.431,38.7854,-3.55815,-9.78544,39.0788,-2.02432,-9.69181,30.0961,1.88656,-7.61757,30.2517,3.71502,-5.13463,29.9174,2.00228,-4.28881,30.0794,-1.20681,-7.51548,30.601,-3.35696,-7.51548,30.601,-3.35696,-10.2334,30.3668,-1.20034,-7.74957,38.6907,5.0365,-10.5589,39.0591,2.10146,-3.37273,38.7151,3.13607,-2.76686,39.0026,-1.2865,-5.99991,39.0712,-4.7438,-5.99991,39.0712,-4.7438,-9.78544,39.0788,-2.02432,-8.36307,58.1806,0.525006,-5.09566,55.7911,5.00219,-7.50266,59.9285,0.0274106,-7.50266,59.9285,0.0274106,-0.0065918,59.8847,-4.50312,-0.00988388,53.5695,-5.15177,-2.05037,38.4796,-1.72013,-3.5484,38.4145,3.95171,-7.71433,38.7002,6.24894,-3.5484,38.4145,3.95171,-12.0786,38.7482,2.02196,-9.38332,50.3772,-2.88282,-12.0786,38.7482,2.02196,-11.431,38.7854,-3.55815,-6.5