{"model":{"version":3,"nodes":[{"name":"RootNode","position":[0,0,0],"rotation":[0,0,0],"scale":[0.01,0.01,0.01],"scaleCompensation":false},{"name":"Bip001","position":[0,39.804,0],"rotation":[6.29345,-67.9057,-95.6281],"scale":[1,1,1],"scaleCompensation":false},{"name":"Bip001 Pelvis","position":[0,0,0],"rotation":[-89.9999,-89.9999,0],"scale":[1,1,1],"scaleCompensation":false},{"name":"Bip001 Spine","position":[5.19815,-0.000549316,1.57207e-05],"rotation":[-0.872319,0.886925,5.56878],"scale":[1,1,1],"scaleCompensation":false},{"name":"Bip001 Spine1","position":[0.698574,-0.00631905,0.000263602],"rotation":[-2.30949,1.14499,14.7648],"scale":[1,1,1],"scaleCompensation":false},{"name":"Bip001 Spine2","position":[8.21406,-0.00652885,0.000135154],"rotation":[-1.17718,-0.183886,7.19287],"scale":[1,1,1],"scaleCompensation":false},{"name":"Bip001 Neck","position":[8.26731,0.758614,-5.44786e-05],"rotation":[1.15846,2.16952,-8.92199],"scale":[1,1,1],"scaleCompensation":false},{"name":"Bip001 L Clavicle","position":[0.10952,-1.42207,4.10149],"rotation":[82.5316,-77.7869,106.141],"scale":[1,1,1],"scaleCompensation":false},{"name":"Bip001 L UpperArm","position":[4.17884,-3.8147e-06,0],"rotation":[-50.4852,41.9275,-37.2725],"scale":[1,1,1],"scaleCompensation":false},{"name":"Bip001 L Forearm","position":[12.2559,0,0],"rotation":[0,1.70755e-06,-45.9802],"scale":[1,1,1],"scaleCompensation":false},{"name":"Bip001 L Hand","position":[11.9219,1.90735e-06,0],"rotation":[-67.4194,-24.1573,-37.5544],"scale":[1,1,1],"scaleCompensation":false},{"name":"Bip001 L Finger0","position":[1.83075,1.54277,-2.06273],"rotation":[97.4635,19.6013,17.4451],"scale":[1,1,1],"scaleCompensation":false},{"name":"Bip001 L Finger01","position":[2.49711,1.90735e-06,-3.8147e-06],"rotation":[1.70755e-06,8.53774e-07,4.26887e-07],"scale":[1,1,1],"scaleCompensation":false},{"name":"Bip001 L Finger0Nub","position":[2.49711,-9.53674e-07,0],"rotation":[1.70755e-06,8.53774e-07,4.26887e-07],"scale":[1,1,1],"scaleCompensation":false},{"name":"Bip001 L Finger1","position":[5.05354,0.330971,-1.23903],"rotation":[-0.126021,-1.47307,15.4557],"scale":[1,1,1],"scaleCompensation":false},{"name":"Bip001 L Finger11","position":[1.76999,0,9.53674e-07],"rotation":[0,8.53774e-07,1.70755e-06],"scale":[1,1,1],"scaleCompensation":false},{"name":"Bip001 L Finger1Nub","position":[2.51806,0,-9.53674e-07],"rotation":[0,8.53774e-07,1.70755e-06],"scale":[1,1,1],"scaleCompensation":false},{"name":"Bip001 L Finger2","position":[5.13612,0.306648,-0.162499],"rotation":[-0.65506,-3.61434,16.0085],"scale":[1,1,1],"scaleCompensation":false},{"name":"Bip001 L Finger21","position":[1.79185,0,-1.90735e-06],"rotation":[0,-0,1.70755e-06],"scale":[1,1,1],"scaleCompensation":false},{"name":"Bip001 L Finger2Nub","position":[2.62963,0,9.53674e-07],"rotation":[0,-0,1.70755e-06],"scale":[1,1,1],"scaleCompensation":false},{"name":"Bip001 L Finger3","position":[5.00738,0.36507,1.00003],"rotation":[-3.73637,0.729358,16.9977],"scale":[1,1,1],"scaleCompensation":false},{"name":"Bip001 L Finger31","position":[1.72866,-3.8147e-06,-1.90735e-06],"rotation":[-3.41509e-06,-0,0],"scale":[1,1,1],"scaleCompensation":false},{"name":"Bip001 L Finger3Nub","position":[2.35227,0,0],"rotation":[-3.41509e-06,-0,0],"scale":[1,1,1],"scaleCompensation":false},{"name":"Bip001 L Finger4","position":[4.83022,0.585587,1.92557],"rotation":[-0.042743,1.23338,20.5193],"scale":[1,1,1],"scaleCompensation":false},{"name":"Bip001 L Finger41","position":[1.25175,0,0],"rotation":[0,1.70755e-06,0],"scale":[1,1,1],"scaleCompensation":false},{"name":"Bip001 L Finger4Nub","position":[1.81365,0,9.53674e-07],"rotation":[0,1.70755e-06,0],"scale":[1,1,1],"scaleCompensation":false},{"name":"Bip001 R Clavicle","position":[0.417271,-1.58629,-4.02059],"rotation":[-97.9611,75.3392,91.207],"scale":[1,1,1],"scaleCompensation":false},{"name":"Bip001 R UpperArm","position":[4.17884,-3.8147e-06,0],"rotation":[44.3997,-48.391,-29.8947],"scale":[1,1,1],"scaleCompensation":false},{"name":"Bip001 R Forearm","position":[12.2559,-9.53674e-07,0],"rotation":[-3.41509e-06,-0,-53.8617],"scale":[1,1,1],"scaleCompensation":false},{"name":"Bip001 R Hand","position":[11.9219,1.90735e-06,3.8147e-06],"rotation":[75.4392,11.2162,-32.78],"scale":[1,1,1],"scaleCompensation":false},{"name":"Bip001 R Finger0","position":[1.83075,1.54277,2.06273],"rotation":[-97.4635,-19.6013,17.4451],"scale":[1,1,1],"scaleCompensation":false},{"name":"Bip001 R Finger01","position":[2.49711,9.53674e-07,-3.8147e-06],"rotation":[0,-8.53774e-07,1.70755e-06],"scale":[1,1,1],"scaleCompensation":false},{"name":"Bip001 R Finger0Nub","position":[2.49711,-9.53674e-07,0],"rotation":[-0,8.53774e-07,-180],"scale":[-1,-1,-1],"scaleCompensation":false},{"name":"Bip001 R Finger1","position":[5.05355,0.330975,1.23903],"rotation":[0.126013,1.47307,15.4557],"scale":[1,1,1],"scaleCompensation":false},{"name":"Bip001 R Finger11","position":[1.76999,-3.8147e-06,-1.90735e-06],"rotation":[0,-1.70755e-06,0],"scale":[1,1,1],"scaleCompensation":false},{"name":"Bip001 R Finger1Nub","position":[2.51806,0,3.8147e-06],"rotation":[-0,1.70755e-06,-180],"scale":[-1,-1,-1],"scaleCompensation":false},{"name":"Bip001 R Finger2","position":[5.13612,0.306652,0.1625],"rotation":[0.655058,3.61434,16.0085],"scale":[1,1,1],"scaleCompensation":false},{"name":"Bip001 R Finger21","position":[1.79184,0,0],"rotation":[0,0,0],"scale":[1,1,1],"scaleCompensation":false},{"name":"Bip001 R Finger2Nub","position":[2.62963,0,0],"rotation":[-0,0,-180],"scale":[-1,-1,-1],"scaleCompensation":false},{"name":"Bip001 R Finger3","position":[5.00739,0.365074,-1.00003],"rotation":[3.73637,-0.729358,16.9977],"scale":[1,1,1],"scaleCompensation":false},{"name":"Bip001 R Finger31","position":[1.72866,0,0],"rotation":[1.70755e-06,-1.70755e-06,-8.53774e-07],"scale":[1,1,1],"scaleCompensation":false},{"name":"Bip001 R Finger3Nub","position":[2.35227,3.8147e-06,0],"rotation":[-1.70755e-06,1.70755e-06,180],"scale":[-1,-1,-1],"scaleCompensation":false},{"name":"Bip001 R Finger4","position":[4.83022,0.585587,-1.92557],"rotation":[0.0427396,-1.23337,20.5193],"scale":[1,1,1],"scaleCompensation":false},{"name":"Bip001 R Finger41","position":[1.25175,0,1.90735e-06],"rotation":[-1.70755e-06,-0,-1.70755e-06],"scale":[1,1,1],"scaleCompensation":false},{"name":"Bip001 R Finger4Nub","position":[1.81365,0,1.90735e-06],"rotation":[1.70755e-06,0,180],"scale":[-1,-1,-1],"scaleCompensation":false},{"name":"Bip001 Head","position":[3.46369,-3.8147e-06,-1.19209e-07],"rotation":[8.46807,-0.692535,-31.593],"scale":[1,1,1],"scaleCompensation":false},{"name":"Bip001 HeadNub","position":[9.60045,9.53674e-07,-1.19209e-07],"rotation":[-5.33608e-08,-2.13443e-07,0],"scale":[1,1,1],"scaleCompensation":false},{"name":"Bip001 L Thigh","position":[-5.24291,0.437342,4.44661],"rotation":[-170.641,-18.5658,125.556],"scale":[1,1,1],"scaleCompensation":false},{"name":"Bip001 L Calf","position":[21.515,0,1.90735e-06],"rotation":[2.13443e-06,1.70755e-06,-40.2094],"scale":[1,1,1],"scaleCompensation":false},{"name":"Bip001 L Foot","position":[19.027,-9.53674e-07,-1.90735e-06],"rotation":[0.182244,-21.6781,11.9771],"scale":[1,1,1],"scaleCompensation":false},{"name":"Bip001 L Toe0","position":[4.01856,6.08814,1.90735e-06],"rotation":[3.65522e-06,4.5107e-05,93.1115],"scale":[1,1,1],"scaleCompensation":false},{"name":"Bip001 L Toe0Nub","position":[2.37516,0,1.90735e-06],"rotation":[-2.66804e-08,-9.29646e-08,180],"scale":[-1,-1,-1],"scaleCompensation":false},{"name":"Bip001 R Thigh","position":[-5.10297,0.574942,-4.59141],"rotation":[173.921,11.6924,121.143],"scale":[1,1,1],"scaleCompensation":false},{"name":"Bip001 R Calf","position":[21.515,1.90735e-06,0],"rotation":[0,-8.53774e-07,-50.0294],"scale":[1,1,1],"scaleCompensation":false},{"name":"Bip001 R Foot","position":[19.027,4.76837e-07,0],"rotation":[7.48945,11.8329,17.5637],"scale":[1,1,1],"scaleCompensation":false},{"name":"Bip001 R Toe0","position":[4.01856,6.08814,0],"rotation":[1.67553e-05,-1.14868e-05,92.4036],"scale":[1,1,1],"scaleCompensation":false},{"name":"Bip001 R Toe0Nub","position":[2.37515,2.98023e-08,0],"rotation":[0,-1.38405e-07,0],"scale":[1,1,1],"scaleCompensation":false},{"name":"Object003","position":[0,44.797,-26.539],"rotation":[-90,-0,0],"scale":[1,1,1],"scaleCompensation":false}],"parents":[-1,0,1,2,3,4,5,6,7,8,9,10,11,12,10,14,15,10,17,18,10,20,21,10,23,24,6,26,27,28,29,30,31,29,33,34,29,36,37,29,39,40,29,42,43,6,45,3,47,48,49,50,3,52,53,54,55,0],"skins":[{"inverseBindMatrices":[[1.34309e-06,-1.40269e-06,1,0,1,1.88394e-12,-1.34309e-06,0,0,1,1.40269e-06,0,-70.636,25.7776,0.000131029,1],[0.0843076,0.00853159,-0.996403,0,-0.992675,-0.0861285,-0.0847295,0,-0.0865416,0.996247,0.00120781,0,20.3911,28.0366,8.33149,1],[0.983199,-0.0121869,0.182132,0,-0.182145,6.98492e-10,0.983272,0,-0.0119831,-0.999926,-0.00221979,0,7.91647,-27.2561,-66.8769,1],[0.227953,0.264654,0.937014,0,-0.871393,-0.373906,0.317597,0,0.434409,-0.888905,0.145385,0,44.6504,-11.3774,-29.9604,1],[0.304882,0.170444,0.937014,0,-0.946775,-0.0524383,0.317597,0,0.103268,-0.983971,0.145385,0,35.6964,-25.1419,-29.9604,1],[0.296574,-0.953884,0.0463665,0,-0.951434,-0.299313,-0.0720128,0,0.0825699,-0.0227575,-0.996325,0,35.0974,34.6186,-23.5978,1],[0.00719154,-0.998899,0.0463672,0,-0.997348,-0.0105231,-0.0720127,0,0.0724214,-0.0457264,-0.996325,0,41.9348,23.4655,-23.5978,1],[0.288982,-0.956954,0.0269916,0,-0.956274,-0.289873,-0.0388927,0,0.0450427,-0.0145721,-0.998879,0,34.3791,34.5625,-25.6659,1],[-0.0982971,-0.994791,0.0269941,0,-0.994503,0.0972133,-0.038893,0,0.0360662,-0.0306688,-0.998879,0,43.315,19.5014,-25.666,1],[0.268723,-0.963212,-0.0032776,0,-0.955702,-0.266201,-0.125578,0,0.120085,0.036878,-0.992078,0,36.961,35.075,-22.296,1],[-0.158345,-0.987378,-0.00327705,0,-0.979502,0.157499,-0.125578,0,0.124509,-0.0166748,-0.992078,0,46.6654,17.144,-22.296,1],[0.208641,-0.976159,0.0598494,0,-0.969725,-0.21443,-0.116849,0,0.126897,-0.0336578,-0.991345,0,39.275,30.9832,-25.0657,1],[0.0251136,-0.997891,0.0598495,0,-0.992634,-0.0319895,-0.116849,0,0.118518,-0.0564741,-0.991345,0,43.0832,23.4428,-25.0657,1],[0.00022167,0.0421065,-0.999113,0,-0.999945,0.010524,0.00022167,0,0.010524,0.999058,0.0421065,0,4.7656,27.4155,9.11083,1],[0.544916,0.0554032,0.836658,0,-0.831131,-0.0962205,0.547688,0,0.110847,-0.993817,-0.0063848,0,41.8479,-23.9684,-43.4009,1],[0.53873,-0.84061,0.0560727,0,-0.835148,-0.541619,-0.0957892,0,0.110891,0.00477548,-0.993821,0,30.2453,43.1598,-24.0028,1],[0.0847379,-0.000223303,-0.996403,0,-0.996261,0.0168755,-0.0847296,0,0.0168338,0.999858,0.00120753,0,44.6932,25.7803,8.33149,1],[0.0420976,-0.000221518,-0.999113,0,0.0105241,0.999945,0.000221729,0,0.999058,-0.0105241,0.0420976,0,21.3274,-0.74705,9.11059,1],[0.543624,-0.0669032,0.836658,0,-0.831761,0.0906189,0.547688,0,-0.112459,-0.993636,-0.00638476,0,47.7414,-32.6575,-43.4009,1],[6.12323e-17,0.000149701,1,0,1,-0.000796318,1.19209e-07,0,0.000796318,1,-0.000149701,0,-67.1517,25.8339,-0.00386734,1],[1.54972e-06,2.75771e-06,1,0,1,-4.27368e-12,-1.54972e-06,0,0,1,-2.75771e-06,0,-44.7969,26.539,-3.76404e-06,1],[-0.0843078,-0.0085285,-0.996403,0,-0.992675,-0.0861286,0.0847295,0,-0.0865414,0.996248,-0.00120471,0,20.3911,28.0366,-8.33141,1],[-0.983199,0.0121842,0.182132,0,-0.182145,6.98492e-10,-0.983272,0,-0.0119804,-0.999926,0.00221929,0,7.91654,-27.2561,66.8769,1],[-0.227952,-0.264656,0.937014,0,-0.871394,-0.373906,-0.317597,0,0.434409,-0.888904,-0.145387,0,44.6505,-11.3774,29.9604,1],[-0.304882,-0.170447,0.937014,0,-0.946775,-0.0524383,-0.317597,0,0.103269,-0.983971,-0.145387,0,35.6964,-25.1419,29.9604,1],[-0.296574,0.953884,0.0463695,0,-0.951434,-0.299313,0.0720128,0,0.0825708,-0.0227604,0.996325,0,35.0974,34.6185,23.5978,1],[-0.00719166,0.998899,0.0463675,0,-0.997348,-0.0105232,0.0720128,0,0.0724214,-0.0457267,0.996325,0,41.9348,23.4655,23.5977,1],[-0.288981,0.956954,0.0269945,0,-0.956274,-0.289873,0.0388927,0,0.0450436,-0.0145749,0.998879,0,34.3791,34.5624,25.6659,1],[0.0982971,0.994791,0.0269944,0,-0.994503,0.0972133,0.0388927,0,0.0360659,-0.0306691,0.998879,0,43.3149,19.5014,25.6659,1],[-0.268723,0.963212,-0.00327455,0,-0.955703,-0.266201,0.125578,0,0.120086,0.036875,0.992078,0,36.9611,35.0749,22.296,1],[0.158346,0.987378,-0.00327476,0,-0.979502,0.157499,0.125578,0,0.124508,-0.016677,0.992078,0,46.6654,17.144,22.296,1],[-0.208641,0.976159,0.059852,0,-0.969725,-0.21443,0.116849,0,0.126898,-0.0336604,0.991344,0,39.275,30.9832,25.0657,1],[-0.0251132,0.997891,0.0598519,0,-0.992634,-0.0319894,0.116849,0,0.118518,-0.0564766,0.991344,0,43.0832,23.4427,25.0657,1],[-0.000221491,-0.0420952,-0.999114,0,-0.999945,0.010524,-0.000221729,0,0.0105241,0.999058,-0.0420952,0,4.7656,27.4156,-9.11053,1],[-0.544916,-0.0554059,0.836658,0,-0.831131,-0.0962205,-0.547688,0,0.110849,-0.993817,0.00638254,0,41.8479,-23.9684,43.4008,1],[-0.53873,0.84061,0.0560753,0,-0.835148,-0.541619,0.0957893,0,0.110893,0.00477337,0.993821,0,30.2453,43.1598,24.0028,1],[-0.084738,0.000226236,-0.996403,0,-0.996261,0.0168755,0.0847298,0,0.016834,0.999858,-0.00120461,0,44.6932,25.7803,-8.33142,1],[-0.0420949,0.000221489,-0.999114,0,0.0105241,0.999945,-0.000221729,0,0.999058,-0.0105241,-0.0420949,0,21.3274,-0.74705,-9.11052,1],[-0.543625,0.0669005,0.836658,0,-0.83176,0.0906189,-0.547688,0,-0.112458,-0.993636,0.00638248,0,47.7414,-32.6575,43.4008,1],[6.12323e-17,0.000149701,1,0,1,-0.000796318,1.19209e-07,0,0.000796318,1,-0.000149701,0,-50.6708,26.5859,-0.00397991,1],[6.12323e-17,0.000149701,1,0,1,-0.000796318,1.19209e-07,0,0.000796318,1,-0.000149701,0,-58.884,26.5925,-0.0039809,1]],"boneNames":["Bip001 Head","Bip001 L Calf","Bip001 L Clavicle","Bip001 L Finger0","Bip001 L Finger01","Bip001 L Finger1","Bip001 L Finger11","Bip001 L Finger2","Bip001 L Finger21","Bip001 L Finger3","Bip001 L Finger31","Bip001 L Finger4","Bip001 L Finger41","Bip001 L Foot","Bip001 L Forearm","Bip001 L Hand","Bip001 L Thigh","Bip001 L Toe0","Bip001 L UpperArm","Bip001 Neck","Bip001 Pelvis","Bip001 R Calf","Bip001 R Clavicle","Bip001 R Finger0","Bip001 R Finger01","Bip001 R Finger1","Bip001 R Finger11","Bip001 R Finger2","Bip001 R Finger21","Bip001 R Finger3","Bip001 R Finger31","Bip001 R Finger4","Bip001 R Finger41","Bip001 R Foot","Bip001 R Forearm","Bip001 R Hand","Bip001 R Thigh","Bip001 R Toe0","Bip001 R UpperArm","Bip001 Spine1","Bip001 Spine2"]}],"morphs":[],"vertices":[{"position":{"type":"float32","components":3,"data":[-18.7001,47.8257,-26.3779,-14.2649,52.3922,-26.9451,-19.734,48.6508,-25.5416,-16.0365,53.5773,-25.466,-18.6791,47.7662,-27.744,-13.9531,52.1785,-28.5824,-19.2548,48.688,-29.4053,-15.3334,53.6279,-31.2542,-18.6791,47.7662,-27.744,-13.9531,52.1785,-28.5824,-20.6224,49.4495,-28.1493,-17.7361,55.207,-29.157,-20.6576,49.3621,-26.6464,-17.808,54.9194,-26.5587,-10.0051,58.2163,-28.8453,-7.84337,61.1097,-28.2799,-10.2872,58.4509,-26.2855,-7.87245,62.1624,-25.2777,-11.654,63.4016,-28.631,-13.4303,61.0651,-28.8989,-11.9296,62.811,-26.5605,-13.1508,60.832,-26.6682,-13.2909,54.718,-26.9828,-12.8259,54.9164,-28.8344,-12.3671,55.7567,-26.7291,-11.9194,55.85,-28.8809,-14.5525,55.5356,-26.3364,-14.0604,55.817,-30.8656,-12.8259,54.9164,-28.8344,-15.7737,57.1462,-29.3183,-15.82,56.5316,-27.1018,-10.2872,58.4509,-26.2855,-7.87245,62.1624,-25.2777,-11.9623,59.8034,-25.4577,-9.59976,63.2474,-25.077,-13.4303,61.0651,-28.8989,-11.654,63.4016,-28.631,-11.5791,59.6925,-30.6908,-8.76924,63.331,-29.9784,-10.0051,58.2163,-28.8453,-7.84337,61.1097,-28.2799,-10.0051,58.2163,-28.8453,-11.9296,62.811,-26.5605,-13.1508,60.832,-26.6682,-11.6289,59.6382,-30.5437,-10.1464,58.235,-28.8003,-13.2845,57.0431,-30.9941,-11.9194,55.85,-28.8809,-10.4141,58.4454,-26.3889,-12.0114,59.6958,-25.6023,-13.9898,56.5777,-25.8997,-13.1316,60.6748,-26.7375,-15.2631,57.5728,-26.955,-13.3856,60.9189,-28.8445,-15.1635,58.2217,-29.2344,-10.1464,58.235,-28.8003,-10.1464,58.235,-28.8003,-10.4141,58.4454,-26.3889,-10.4141,58.4454,-26.3889,-12.0114,59.6958,-25.6023,-13.1316,60.6748,-26.7375,-13.1316,60.6748,-26.7375,-13.3856,60.9189,-28.8445,-13.3856,60.9189,-28.8445,-11.6289,59.6382,-30.5437,-10.1464,58.235,-28.8003,8.12228,0.585388,-25.4933,7.74606,0.465637,-28.3245,9.74683,0.500305,-26.7031,6.3772,0.486206,-26.6799,6.25037,0.436279,-29.2523,9.19537,0.528809,-29.653,7.52823,0.469666,-30.3179,9.05716,14.6024,-26.989,7.84216,4.88898,-25.9219,8.94449,4.82434,-27.599,7.91443,14.6034,-24.7312,5.13751,14.6021,-26.4822,6.07007,4.89301,-26.6266,4.48621,14.603,-28.1587,6.44058,4.77142,-29.0066,6.78275,14.6002,-30.5911,7.36844,4.88434,-29.9925,6.78275,14.6002,-30.5911,8.89261,4.81226,-29.1778,7.36844,4.88434,-29.9925,9.95535,14.6016,-29.1443,8.34259,1.49304,-18.8533,9.65994,2.43622,-20.0198,8.32779,2.46527,-19.652,10.1818,1.54016,-19.3705,6.46317,1.51849,-19.2791,6.67313,2.4455,-20.0304,6.06418,2.55566,-29.6596,6.07007,4.89301,-26.6266,6.44058,4.77142,-29.0066,6.00378,3.4776,-26.5732,7.36844,4.88434,-29.9925,7.49963,2.59149,-30.611,9.27502,2.65247,-30.2596,8.89261,4.81226,-29.1778,9.96475,2.62585,-27.1796,8.94449,4.82434,-27.599,7.84216,4.88898,-25.9219,9.77209,2.57043,-22.7843,8.94449,4.82434,-27.599,8.27612,3.22113,-22.4268,6.49335,2.94836,-22.3076,6.07007,4.89301,-26.6266,5.97525,1.50067,-22.2029,6.49335,2.94836,-22.3076,8.26086,0.480774,-21.9842,6.32855,0.4151,-22.3023,10.2093,0.554016,-23.3573,9.77209,2.57043,-22.7843,10.5089,1.4516,-22.9075,8.32779,2.46527,-19.652,9.65994,2.43622,-20.0198,6.67313,2.4455,-20.0304,8.31918,0.441956,-19.0984,6.73389,0.375366,-19.4084,10.0094,0.534912,-19.5765,-9.6895,0.500488,-26.7044,-7.68867,0.46582,-28.3259,-8.06398,0.585632,-25.4946,-6.29903,0.509155,-26.5642,-6.19299,0.436523,-29.2536,-9.13799,0.529053,-29.6543,-7.47089,0.469849,-30.3192,-8.99973,14.6038,-26.9903,-7.7847,4.88904,-25.9232,-7.85696,14.6048,-24.7326,-8.8871,4.82446,-27.6004,-5.08006,14.6035,-26.4836,-6.01265,4.89313,-26.628,-4.4288,14.6044,-28.1601,-6.38313,4.77155,-29.008,-6.7253,14.6016,-30.5925,-7.31102,4.8844,-29.9938,-6.7253,14.6016,-30.5925,-8.83524,4.81238,-29.1792,-9.89792,14.603,-29.1457,-7.31102,4.8844,-29.9938,-8.57115,1.49329,-18.7252,-10.0923,2.43652,-20.4357,-10.3958,1.54041,-19.8051,-8.56297,2.46552,-19.4088,-6.41307,1.51874,-19.1046,-6.7316,2.44574,-19.7066,-6.00684,2.55591,-29.661,-6.01265,4.89313,-26.628,-5.94641,3.47791,-26.5745,-6.38313,4.77155,-29.008,-7.31102,4.8844,-29.9938,-7.44229,2.59167,-30.6123,-9.21761,2.65271,-30.261,-8.83524,4.81238,-29.1792,-9.90735,2.6261,-27.1809,-8.8871,4.82446,-27.6004,-7.7847,4.88904,-25.9232,-9.97083,2.57507,-22.9983,-8.21875,3.22137,-22.4282,-8.8871,4.82446,-27.6004,-6.43593,2.94861,-22.309,-6.01265,4.89313,-26.628,-5.91785,1.50098,-22.2043,-6.43593,2.94861,-22.309,-8.46227,0.472839,-21.752,-6.2972,0.415405,-22.6002,-10.2722,0.554199,-22.8784,-9.97083,2.57507,-22.9983,-10.4808,1.44318,-22.9199,-8.56297,2.46552,-19.4088,-10.0923,2.43652,-20.4357,-6.7316,2.44574,-19.7066,-8.6221,0.4422,-19.1003,-6.46393,0.37561,-19.4798,-10.2417,0.535095,-20.1178,1.62485,43.7366,-31.1987,-2.75441e-20,42.7002,-28.6123,0.028656,43.8434,-30.943,0.276001,41.3301,-27.9668,4.1095,40.8613,-31.264,4.80603,42.8599,-31.4536,7.45389,42.4553,-28.5188,0.028656,45.5983,-21.3138,1.59061,41.229,-21.6798,2.58911,45.7902,-21.5135,-2.60737e-20,40.6735,-21.6684,5.02502,44.1784,-21.524,3.6377,49.4916,-22.4764,0.028656,49.3749,-21.4621,6.5863,47.0466,-28.4367,7.70047,44.8035,-24.8823,6.70703,48.2621,-25.7718,4.44046,46.2891,-31.0113,0.028656,45.9784,-30.8973,1.30127,45.9784,-30.9676,4.44473,49.6423,-28.8958,-2.60737e-20,40.6735,-21.6684,1.59061,41.229,-21.6798,0.028656,49.6514,-29.8055,1.41125,49.6512,-29.8767,8.39987,41.2686,-24.8415,5.41519,40.9534,-21.2515,7.70047,44.8035,-24.8823,1.81277,39.4516,-21.7076,0.307556,39.2429,-27.8817,1.81277,39.4516,-21.7076,4.14105,39.605,-31.2341,7.66077,40.8915,-28.5682,8.39987,41.2686,-24.8415,7.08725,19.9979,-24.4006,8.51721,20.5672,-25.8273,6.65222,22.3275,-23.2328,5.07465,20.0901,-25.2552,5.13748,14.6021,-26.4822,4.3147,21.1257,-28.6528,4.48621,14.603,-28.1587,5.95923,20.96,-30.9806,6.78275,14.6002,-30.5911,9.95535,14.6017,-29.1443,5.95923,20.96,-30.9806,9.57275,21.3676,-28.7119,6.78275,14.6002,-30.5911,9.05716,14.6024,-26.989,8.46713,32.7592,-24.4917,5.87305,32.5782,-20.9373,5.84497,32.5285,-21.722,9.37814,32.6123,-24.551,2.52722,32.3752,-21.9761,2.71423,32.7658,-23.6516,0.412628,32.4216,-27.5993,2.22919,32.7455,-27.2427,0.412628,32.4216,-27.5993,4.81744,32.7621,-30.4305,2.22919,32.7455,-27.2427,4.91348,32.403,-31.5287,4.91348,32.403,-31.5287,7.84802,32.764,-27.8418,4.81744,32.7621,-30.4305,8.85806,32.4836,-29.0965,8.85806,32.4836,-29.0965,7.84802,32.764,-27.8418,7.76978,23.7543,-24.6677,4.12634,23.2855,-24.4626,6.11142,24.6437,-23.185,3.4501,24.234,-27.066,6.02982,24.9268,-28.9197,6.02982,24.9268,-28.9197,8.20273,25.1689,-27.0404,5.84497,32.5285,-21.722,8.46713,32.7592,-24.4917,2.71423,32.7658,-23.6516,2.22919,32.7455,-27.2427,4.81744,32.7621,-30.4305,4.81744,32.7621,-30.4305,7.84802,32.764,-27.8418,4.58875,46.8136,-21.9157,6.70703,48.2621,-25.7718,6.04709,49.6846,-26.1712,6.04709,49.6846,-26.1712,0.412628,32.4216,-27.5993,2.52722,32.3752,-21.9761,5.87305,32.5782,-20.9373,2.52722,32.3752,-21.9761,9.37814,32.6123,-24.551,9.37814,32.6123,-24.551,8.85806,32.4836,-29.0965,4.91348,32.403,-31.5287,7.9144,14.6034,-24.7312,5.07465,20.0901,-25.2552,-1.56754,43.7366,-31.1987,-0.276154,41.3301,-27.9668,-7.39659,42.4553,-28.5188,-4.74872,42.8599,-31.4536,-4.05222,40.8612,-31.264,-1.53329,41.229,-21.6798,-2.53183,45.653,-21.5135,-5.08043,44.1785,-21.524,-3.58041,49.4916,-22.4764,-6.52901,47.0467,-28.4367,-7.64311,44.8035,-24.8823,-6.64975,48.2621,-25.7718,-4.38315,46.2891,-31.0113,-1.24396,45.9783,-30.9676,-4.38742,49.6422,-28.8958,-1.53329,41.229,-21.6798,-1.35397,49.6511,-29.8767,-8.34256,41.2686,-24.8415,-7.64311,44.8035,-24.8823,-5.47057,40.9534,-21.2515,-1.75546,39.4515,-21.7076,-0.307556,39.2429,-27.8817,-1.75546,39.4515,-21.7076,-4.08377,39.6049,-31.2341,-7.60349,40.8915,-28.5682,-8.34256,41.2686,-24.8415,-8.4599,20.5672,-25.8273,-7.02995,19.9979,-24.4006,-6.59494,22.3274,-23.2329,-4.99042,20.1412,-25.263,-5.04428,20.0392,-25.2474,-5.0802,14.6021,-26.4822,-4.25742,21.1257,-28.6528,-4.42889,14.603,-28.1587,-5.90193,20.96,-30.9806,-6.72543,14.6002,-30.5911,-9.89806,14.6017,-29.1443,-5.90193,20.96,-30.9806,-6.72543,14.6002,-30.5911,-9.51544,21.3676,-28.7119,-8.99986,14.6024,-26.989,-8.40549,32.755,-24.4935,-6.13132,32.4639,-20.96,-9.62053,32.5028,-24.558,-6.1595,32.4562,-21.728,-2.80069,32.2321,-21.9903,-2.66025,32.4759,-23.6545,-0.519684,32.2849,-27.5924,-2.17584,32.7091,-27.2408,-0.519684,32.2849,-27.5924,-4.76065,32.7648,-30.4244,-5.17615,32.2637,-31.5054,-2.17584,32.7091,-27.2408,-5.17615,32.2637,-31.5054,-7.78716,32.7709,-27.8391,-9.1028,32.3779,-29.0829,-4.76065,32.7648,-30.4244,-9.1028,32.3779,-29.0829,-7.78716,32.7709,-27.8391,-7.71246,23.7543,-24.6677,-6.05412,24.6437,-23.185,-4.069,23.2855,-24.4626,-3.39282,24.234,-27.066,-5.9725,24.9268,-28.9197,-5.9725,24.9268,-28.9197,-8.14543,25.1689,-27.0404,-6.1595,32.4562,-21.728,-8.40549,32.755,-24.4935,-2.66025,32.4759,-23.6545,-2.17584,32.7091,-27.2408,-4.76065,32.7648,-30.4244,-4.76065,32.7648,-30.4244,-7.78716,32.7709,-27.8391,-4.49542,46.8136,-21.9157,-6.64975,48.2621,-25.7718,-5.98978,49.6846,-26.1712,-5.98978,49.6846,-26.1712,-0.519684,32.2849,-27.5924,-2.80069,32.2321,-21.9903,-6.13132,32.4639,-20.96,-2.80069,32.2321,-21.9903,-9.62053,32.5028,-24.558,-9.62053,32.5028,-24.558,-9.1028,32.3779,-29.0829,-5.17615,32.2637,-31.5054,-7.8571,14.6034,-24.7312,7.33307,65.0484,-23.7181,6.47415,62.7832,-23.1355,7.87195,62.9861,-24.1848,6.12024,65.0334,-23.1188,7.02499,67.8953,-29.2039,5.55887,68.6456,-27.1479,7.44589,68.2687,-26.617,5.55887,68.6456,-27.1479,7.02499,67.8953,-29.2039,3.98135,68.617,-29.9906,0.0365601,53.1375,-21.2576,3.61261,49.4426,-22.4888,3.89331,53.622,-22.4909,0.0365601,49.304,-21.4745,4.46173,62.2059,-21.2593,0.0365295,60.4995,-20.8744,4.43396,60.0916,-21.8581,0.0365601,62.2558,-20.9679,6.84229,61.3941,-24.082,0.0365295,64.8704,-21.9508,4.54083,65.0623,-22.2545,5.99997,49.6694,-26.1836,5.97867,54.3577,-26.5283,5.97867,54.3577,-26.5283,4.41223,49.6188,-28.9082,4.28976,53.5806,-28.9247,5.99997,49.6694,-26.1836,6.11942,61.0959,-30.3916,6.27579,57.0258,-26.8212,4.94046,57.0737,-29.6044,7.36331,60.7103,-28.2163,0.0365295,54.2708,-29.9703,0.0365295,49.6296,-29.8654,0.0365601,63.438,-31.2767,0.0365295,68.0685,-30.2938,3.99768,69.2755,-26.9334,2.72565,69.6805,-28.8055,2.89578,69.437,-26.6334,2.72565,69.6805,-28.8055,3.99768,69.2755,-26.9334,0.0365295,69.1506,-29.1967,1.53873,69.2131,-28.0183,1.53873,69.2131,-28.0183,0.0365601,58.0745,-20.4816,4.08246,56.4897,-21.8766,6.27579,57.0258,-26.8212,6.84229,61.3941,-24.082,6.27579,57.0258,-26.8212,7.36331,60.7103,-28.2163,2.89578,69.437,-26.6334,4.20859,67.7077,-24.8204,3.99768,69.2755,-26.9334,1.43857,67.8308,-23.8521,9.35678,67.4931,-26.2331,8.96078,65.1091,-24.2292,10.767,66.1988,-26.1469,8.10977,66.5794,-24.3625,10.4179,65.7454,-29.1513,9.35678,67.4931,-26.2331,10.767,66.1988,-26.1469,8.83963,67.2116,-28.9192,11.9268,62.8019,-26.5605,9.67343,63.2474,-25.077,11.1799,65.3364,-26.107,8.8429,63.331,-29.9784,7.36331,60.7103,-28.2163,8.8429,63.331,-29.9784,7.91705,61.1097,-28.2799,19.8083,48.6508,-25.5416,14.3392,52.3921,-26.9451,18.7744,47.8257,-26.3779,16.1108,53.5774,-25.466,14.0274,52.1785,-28.5824,18.7534,47.7662,-27.744,18.7534,47.7662,-27.744,15.4077,53.6279,-31.2542,19.329,48.688,-29.4053,14.0274,52.1785,-28.5824,17.8104,55.207,-29.157,20.6967,49.4495,-28.1493,17.8823,54.9194,-26.5587,20.7319,49.3621,-26.6464,10.3615,58.4509,-26.2855,7.91705,61.1097,-28.2799,10.0793,58.2163,-28.8453,7.94611,62.1624,-25.2777,11.9268,62.8019,-26.5605,13.5045,61.0651,-28.8989,11.6512,63.3926,-28.631,13.225,60.832,-26.6682,12.4414,55.7567,-26.7291,12.9002,54.9164,-28.8344,13.3652,54.718,-26.9828,11.9936,55.85,-28.8809,14.6267,55.5356,-26.3364,14.1347,55.817,-30.8656,12.9002,54.9164,-28.8344,15.848,57.1462,-29.3183,15.8943,56.5316,-27.1018,7.36331,60.7103,-28.2163,6.84229,61.3941,-24.082,0.0365295,57.4496,-30.5072,11.6512,63.3926,-28.631,11.1799,65.3364,-26.107,11.9268,62.8019,-26.5605,5.59528,65.317,-30.95,3.87213,62.3469,-31.5377,6.84613,67.5727,-24.8387,5.55887,68.6456,-27.1479,7.44589,68.2687,-26.617,12.0366,59.8034,-25.4577,7.94611,62.1624,-25.2777,10.3615,58.4509,-26.2855,11.6534,59.6925,-30.6908,11.6512,63.3926,-28.631,13.5045,61.0651,-28.8989,10.0793,58.2163,-28.8453,10.0793,58.2163,-28.8453,7.91705,61.1097,-28.2799,13.225,60.832,-26.6682,13.3588,57.0431,-30.9941,10.2206,58.235,-28.8003,11.7032,59.6382,-30.5437,11.9936,55.85,-28.8809,12.0856,59.6958,-25.6022,10.4884,58.4454,-26.3889,14.0641,56.5777,-25.8997,15.3374,57.5728,-26.955,13.2059,60.6748,-26.7375,0.0286255,69.6073,-28.552,4.59164,66.8964,-23.105,0.0365295,66.8406,-22.9952,0.0365601,67.234,-23.9033,0.0365295,66.8406,-22.9952,1.43857,67.8308,-23.8521,8.83963,67.2116,-28.9192,6.90469,66.688,-23.9318,10.4179,65.7454,-29.1513,15.2377,58.2217,-29.2344,13.4599,60.9189,-28.8445,10.2206,58.235,-28.8003,-7.25996,65.0484,-23.7181,-6.40106,62.7832,-23.1355,-6.04715,65.0334,-23.1188,-7.79884,62.9861,-24.1848,-6.95192,67.8954,-29.2039,-5.48576,68.6456,-27.1479,-3.90829,68.617,-29.9906,-5.48576,68.6456,-27.1479,-6.95192,67.8954,-29.2039,-7.37277,68.2687,-26.617,-3.53952,49.4426,-22.4888,-3.82028,53.622,-22.4909,-4.38864,62.2059,-21.2593,-4.36087,60.0916,-21.8581,-6.76923,61.3941,-24.082,-4.46771,65.0622,-22.2545,-5.92686,49.6694,-26.1836,-5.90556,54.3577,-26.5284,-5.90556,54.3577,-26.5284,-4.33917,49.6187,-28.9082,-5.92686,49.6694,-26.1836,-4.21671,53.5806,-28.9247,-6.04631,61.0959,-30.3916,-6.2027,57.0258,-26.8212,-7.29027,60.7101,-28.2163,-4.86736,57.0737,-29.6044,-3.92459,69.2755,-26.9334,-2.65256,69.6805,-28.8055,-2.65256,69.6805,-28.8055,-3.92459,69.2755,-26.9334,-2.83057,69.437,-26.6458,-1.4805,69.2131,-28.0183,-1.4805,69.2131,-28.0183,-4.0094,56.4897,-21.8766,-6.2027,57.0258,-26.8212,-6.76923,61.3941,-24.082,-7.29027,60.7101,-28.2163,-6.2027,57.0258,-26.8212,-2.83057,69.437,-26.6458,-4.13553,67.7077,-24.8204,-1.37335,67.8308,-23.8645,-3.92459,69.2755,-26.9334,-9.28374,67.4931,-26.2331,-8.88774,65.1091,-24.2292,-8.0367,66.5793,-24.3625,-10.6939,66.1988,-26.1469,-10.3448,65.7454,-29.1513,-9.28374,67.4931,-26.2331,-8.76657,67.2116,-28.9192,-10.6939,66.1988,-26.1469,-11.9296,62.811,-26.5605,-11.1068,65.3364,-26.107,-9.59976,63.2474,-25.077,-8.76924,63.331,-29.9784,-7.84337,61.1097,-28.2799,-7.87245,62.1624,-25.2777,-7.29027,60.7101,-28.2163,-6.76923,61.3941,-24.082,-7.84337,61.1097,-28.2799,-11.654,63.4016,-28.631,-11.1068,65.3364,-26.107,-11.9296,62.811,-26.5605,-5.52222,65.317,-30.95,-3.79904,62.3469,-31.5377,-6.77303,67.5727,-24.8387,-5.48576,68.6456,-27.1479,-7.37277,68.2687,-26.617,-4.51859,66.8964,-23.105,-1.37335,67.8308,-23.8645,-7.87245,62.1624,-25.2777,-8.76657,67.2116,-28.9192,-6.8316,66.688,-23.9318,-11.654,63.4016,-28.631,-10.3448,65.7454,-29.1513,20.8828,46.9444,-25.3502,20.5305,45.8685,-25.8357,21.4178,46.095,-25.2376,19.9983,46.4617,-26.0106,20.4376,45.6976,-27.2471,19.9,46.3578,-27.4168,20.013,46.4466,-28.0733,20.6823,46.9571,-28.9579,20.6646,45.764,-28.2257,21.8362,47.3367,-28.1816,22.2974,46.4816,-28.1805,22.2738,46.4595,-26.0207,21.7856,47.3785,-26.2299,21.244,46.2773,-28.7965,19.9,46.3578,-27.4168,20.4376,45.6976,-27.2471,22.8683,44.569,-28.5775,22.2974,46.4816,-28.1805,23.2771,44.6925,-26.8294,21.1309,43.9267,-28.542,20.4376,45.6976,-27.2471,20.6646,45.764,-28.2257,20.9005,43.8959,-26.7165,20.2567,43.8063,-24.4024,20.5305,45.8685,-25.8357,20.8557,42.3687,-24.5613,22.2738,46.4595,-26.0207,21.5182,44.1573,-23.9265,23.1408,44.6741,-25.0716,21.4178,46.095,-25.2376,21.4845,41.254,-24.2931,22.4482,40.4459,-24.1661,21.8596,40.2416,-24.3013,22.2051,41.4937,-24.1825,20.2567,43.8063,-24.4024,20.5305,45.8685,-25.8357,22.9218,41.8101,-29.1951,22.1711,44.2983,-29.0915,20.6508,42.5143,-23.661,21.782,42.9618,-23.4229,21.4215,40.95,-23.5564,21.1779,41.2929,-23.537,22.0818,41.6295,-23.3365,21.4215,40.95,-23.5564,22.2435,41.2346,-23.3695,21.1779,41.2929,-23.537,21.978,39.7781,-23.7142,22.5696,40.0143,-23.5674,21.978,39.7781,-23.7142,20.6508,42.5143,-23.661,22.1106,42.344,-24.2786,22.2051,41.4937,-24.1825,22.5696,40.0143,-23.5674,24.3202,42.1886,-25.9957,24.664,40.7705,-24.8966,24.6575,40.7567,-25.7945,24.2236,42.173,-24.8545,24.6789,40.5929,-26.0882,24.323,42.161,-27.1583,24.6789,40.5731,-26.9593,23.9615,40.5408,-24.8606,23.1634,41.985,-24.8221,24.0866,42.0494,-28.3061,23.8212,42.0911,-29.0677,24.0522,40.4504,-26.0566,24.3202,42.1886,-25.9957,22.9659,41.8881,-25.9755,23.1634,41.985,-24.8221,23.961,40.519,-25.7907,23.9615,40.5408,-24.8606,24.0157,38.4718,-24.9607,24.4987,38.0361,-25.5822,24.4977,38.051,-24.97,24.0159,38.4574,-25.59,23.59,40.1439,-28.1251,23.9934,39.0369,-28.0269,24.1591,40.1612,-28.1718,23.5438,39.4639,-28.0179,24.7393,40.3574,-25.7654,24.0808,39.3953,-25.6439,23.961,40.519,-25.7907,24.6731,39.3427,-25.6733,24.6826,39.3536,-24.908,24.0785,39.4129,-24.906,24.7394,40.3762,-24.9233,24.0808,39.3953,-25.6439,24.0785,39.4129,-24.906,24.6526,39.2228,-26.076,24.0522,40.4504,-26.0566,24.074,39.3505,-26.0972,24.7602,40.1536,-26.0771,23.5637,40.0469,-28.7658,24.0852,40.73,-28.983,24.1302,40.06,-28.8273,23.4373,40.8969,-28.9595,24.4987,38.0361,-25.5822,24.4977,38.051,-24.97,24.0157,38.4718,-24.9607,23.9931,38.9022,-28.5425,23.5411,39.33,-28.5278,24.3281,37.6905,-26.1017,23.8858,38.0776,-26.1033,23.0259,43.1636,-24.1909,24.5047,40.3271,-27.9979,23.9037,39.6013,-27.8004,23.9007,40.5153,-27.9686,24.4398,39.4267,-27.8295,24.4596,40.6988,-28.0424,23.7329,38.5114,-27.5267,24.1367,38.1742,-27.5438,22.4249,42.0571,-24.7171,22.4249,42.0571,-24.7171,24.7602,40.1337,-26.9482,24.0961,39.3286,-26.8469,24.0594,40.4269,-26.9659,24.6511,39.2075,-26.8676,23.8958,38.0657,-26.732,24.3463,37.6747,-26.7183,24.0866,42.0494,-28.3061,23.9007,40.5153,-27.9686,22.9668,41.8353,-28.2868,23.9803,40.5609,-27.1664,24.5028,39.4642,-27.1601,24.5802,40.3703,-27.2369,24.0088,39.6268,-27.1046,24.5385,40.744,-27.2463,24.1868,38.2075,-26.9905,23.7883,38.5428,-26.9655,22.1106,42.344,-24.2786,22.4482,40.4459,-24.1661,24.0159,38.4574,-25.59,22.9689,41.8609,-27.1215,23.5231,40.9694,-28.1717,24.0594,40.4269,-26.9659,23.8858,38.0776,-26.1033,24.3463,37.6747,-26.7183,24.3281,37.6905,-26.1017,23.8958,38.0657,-26.732,24.1683,40.7988,-28.2568,24.1591,40.1612,-28.1718,24.074,39.3505,-26.0972,24.0961,39.3286,-26.8469,24.1585,41.1697,-28.2798,24.0719,41.0967,-29.0354,23.9934,39.0369,-28.0269,24.0088,39.6268,-27.1046,23.9803,40.5609,-27.1664,23.9037,39.6013,-27.8004,23.7883,38.5428,-26.9655,23.7329,38.5114,-27.5267,24.1868,38.2075,-26.9905,24.1367,38.1742,-27.5438,23.9931,38.9022,-28.5425,24.1683,40.7988,-28.2568,24.1585,41.1697,-28.2798,21.244,46.2773,-28.7965,24.323,42.161,-27.1583,20.6967,49.4495,-28.1842,19.329,48.688,-29.4402,20.7319,49.3621,-26.6813,19.8083,48.6507,-25.5765,18.7743,47.8257,-26.4128,18.7534,47.7662,-27.7789,18.7534,47.7662,-27.7789,-20.8098,46.9444,-25.3503,-20.4574,45.8685,-25.8357,-19.9252,46.4617,-26.0106,-21.3447,46.095,-25.2376,-20.3645,45.6976,-27.2471,-19.827,46.3578,-27.4169,-20.5915,45.764,-28.2257,-20.6092,46.9571,-28.9579,-19.9399,46.4466,-28.0733,-22.2243,46.4816,-28.1806,-21.7632,47.3367,-28.1816,-22.2007,46.4595,-26.0207,-21.7125,47.3785,-26.2299,-21.171,46.2773,-28.7965,-19.827,46.3578,-27.4169,-20.3645,45.6976,-27.2471,-23.204,44.6926,-26.8295,-22.2243,46.4816,-28.1806,-22.7952,44.5689,-28.5775,-21.0578,43.9267,-28.542,-20.3645,45.6976,-27.2471,-20.8275,43.8959,-26.7165,-20.5915,45.764,-28.2257,-20.1836,43.8063,-24.4024,-20.4574,45.8685,-25.8357,-20.7826,42.3686,-24.5613,-22.2007,46.4595,-26.0207,-21.4451,44.1573,-23.9266,-21.3447,46.095,-25.2376,-23.0677,44.6742,-25.0717,-21.4115,41.254,-24.2932,-22.3751,40.4459,-24.1661,-22.132,41.4936,-24.1825,-21.7866,40.2416,-24.3014,-20.1836,43.8063,-24.4024,-20.4574,45.8685,-25.8357,-22.098,44.2983,-29.0915,-22.8487,41.8101,-29.1951,-20.5778,42.5143,-23.661,-21.7089,42.9618,-23.4229,-21.1048,41.2928,-23.537,-21.3485,40.9496,-23.5563,-22.0087,41.6295,-23.3365,-21.3485,40.9496,-23.5563,-21.1048,41.2928,-23.537,-22.1705,41.2342,-23.3695,-21.9049,39.7781,-23.7142,-22.4966,40.0143,-23.5675,-21.9049,39.7781,-23.7142,-20.5778,42.5143,-23.661,-22.0375,42.344,-24.2785,-22.132,41.4936,-24.1825,-22.4966,40.0143,-23.5675,-24.2471,42.1887,-25.9957,-24.5909,40.7705,-24.8966,-24.1505,42.173,-24.8546,-24.5844,40.7567,-25.7945,-24.6059,40.5929,-26.0882,-24.25,42.161,-27.1583,-24.6059,40.5731,-26.9593,-23.8884,40.5408,-24.8607,-23.0903,41.985,-24.8221,-23.7482,42.091,-29.0678,-24.0135,42.0494,-28.3061,-22.8928,41.8881,-25.9755,-24.2471,42.1887,-25.9957,-23.9792,40.4504,-26.0566,-23.0903,41.985,-24.8221,-23.8879,40.519,-25.7908,-23.8884,40.5408,-24.8607,-23.9426,38.4718,-24.9608,-24.4256,38.0361,-25.5823,-23.9428,38.4574,-25.59,-24.4246,38.051,-24.97,-23.5169,40.1439,-28.1251,-23.9203,39.0369,-28.0269,-23.4708,39.4639,-28.0179,-24.086,40.1611,-28.1718,-24.6662,40.3574,-25.7654,-24.0078,39.3953,-25.6439,-24.6,39.3427,-25.6734,-23.8879,40.519,-25.7908,-24.6095,39.3535,-24.908,-24.6663,40.3762,-24.9233,-24.0054,39.4129,-24.9061,-24.0078,39.3953,-25.6439,-24.0054,39.4129,-24.9061,-24.5796,39.2227,-26.0761,-23.9792,40.4504,-26.0566,-24.6871,40.1536,-26.0771,-24.001,39.3505,-26.0972,-23.4906,40.0471,-28.7658,-24.0121,40.73,-28.983,-23.3643,40.8969,-28.9595,-24.0571,40.0601,-28.8273,-24.4256,38.0361,-25.5823,-24.4246,38.051,-24.97,-23.9426,38.4718,-24.9608,-23.9201,38.9022,-28.5425,-23.468,39.33,-28.5278,-24.2551,37.6905,-26.1017,-23.8127,38.0776,-26.1033,-22.9529,43.1636,-24.191,-24.4316,40.3271,-27.9979,-23.8307,39.6013,-27.8004,-24.3666,39.426,-27.8294,-23.8276,40.5153,-27.9686,-24.3864,40.6988,-28.0425,-23.6598,38.5114,-27.5267,-24.0636,38.1742,-27.5438,-22.3518,42.0571,-24.7171,-22.3518,42.0571,-24.7171,-24.6871,40.1337,-26.9482,-24.023,39.3286,-26.847,-24.5781,39.2075,-26.8677,-23.9864,40.4269,-26.9659,-23.8227,38.0657,-26.7321,-24.2732,37.6747,-26.7183,-22.8937,41.8353,-28.2868,-23.8276,40.5153,-27.9686,-24.0135,42.0494,-28.3061,-23.9072,40.5608,-27.1664,-24.4297,39.4642,-27.1601,-23.9357,39.6266,-27.1046,-24.5071,40.3703,-27.2369,-24.4655,40.744,-27.2463,-24.1137,38.2075,-26.9905,-23.7153,38.5428,-26.9655,-22.0375,42.344,-24.2785,-22.3751,40.4459,-24.1661,-23.9428,38.4574,-25.59,-22.8959,41.8609,-27.1215,-23.45,40.9694,-28.1717,-23.9864,40.4269,-26.9659,-23.8127,38.0776,-26.1033,-24.2732,37.6747,-26.7183,-23.8227,38.0657,-26.7321,-24.2551,37.6905,-26.1017,-24.0952,40.7988,-28.2568,-24.086,40.1611,-28.1718,-24.001,39.3505,-26.0972,-24.023,39.3286,-26.847,-24.0855,41.1697,-28.2798,-23.9988,41.0967,-29.0354,-23.9203,39.0369,-28.0269,-23.9357,39.6266,-27.1046,-23.8307,39.6013,-27.8004,-23.9072,40.5608,-27.1664,-23.7153,38.5428,-26.9655,-23.6598,38.5114,-27.5267,-24.1137,38.2075,-26.9905,-24.0636,38.1742,-27.5438,-23.9201,38.9022,-28.5425,-24.0952,40.7988,-28.2568,-24.0855,41.1697,-28.2798,-21.171,46.2773,-28.7965,-24.25,42.161,-27.1583,-20.6236,49.4496,-28.1843,-19.2559,48.688,-29.4402,-20.6588,49.3621,-26.6813,-19.7352,48.6508,-25.5765,-18.7013,47.8257,-26.4128,-18.6803,47.7662,-27.7789,-18.6803,47.7662,-27.7789,1.39978,79.0999,-24.6755,2.51962,78.2201,-26.6688,1.40427,79.0969,-26.7866,2.40005,78.2809,-24.7359,1.5231,78.0486,-28.8166,2.54706,77.4959,-28.2596,0.0365601,78.2049,-29.106,0.0365601,79.3351,-26.8357,0.0365601,79.3726,-24.6594,1.4975,70.4486,-24.116,1.59021,70.6131,-23.5079,0.73645,70.1125,-22.0669,0.0365601,69.8842,-23.4693,0.0365601,70.0098,-21.8191,1.55859,76.285,-29.3425,2.95636,76.2499,-28.2047,3.0188,75.1569,-27.9716,1.77655,73.3959,-28.5569,1.87558,74.8564,-29.0119,2.90753,73.842,-27.4513,0.0365601,76.2714,-29.6326,0.0365601,73.214,-28.96,0.0365601,74.69,-29.5079,1.72366,72.107,-27.9831,0.0365601,72.0287,-28.6038,3.30936,74.3171,-26.1997,2.86136,73.1118,-25.7993,3.40619,75.392,-25.9994,3.23529,76.9922,-26.4304,2.98743,77.132,-24.8272,3.24347,75.4383,-24.964,3.60486,73.2916,-25.9522,3.30936,74.3171,-26.1997,3.85388,74.3679,-26.172,2.86136,73.1118,-25.7993,2.82571,72.3619,-25.4551,3.26276,72.5977,-25.5386,3.37354,74.7701,-25.8607,3.05649,74.6423,-25.0259,3.60876,74.8639,-25.7487,2.79272,72.5159,-25.0003,3.37354,74.7701,-25.8607,2.5679,71.5607,-24.5741,2.44031,71.5185,-25.4016,2.82571,72.3619,-25.4551,2.79272,72.5159,-25.0003,2.44031,71.5185,-25.4016,2.86136,73.1118,-25.7993,2.82571,72.3619,-25.4551,2.44901,71.2701,-26.2595,1.72366,72.107,-27.9831,2.98065,73.995,-25.0044,3.60486,73.2916,-25.9522,3.85388,74.3679,-26.172,3.26276,72.5977,-25.5386,2.79272,72.5159,-25.0003,3.05649,74.6423,-25.0259,3.60876,74.8639,-25.7487,0.356049,72.5305,-21.3134,0.0365601,72.7232,-20.5392,0.0365601,72.4611,-21.2098,0.354706,72.7658,-20.7463,0.980255,72.169,-21.6882,0.660858,72.57,-21.5133,0.325806,72.1844,-21.2912,0.0365601,72.1674,-21.2133,0.765167,70.3144,-21.8652,0.0365601,70.0098,-21.8191,0.73645,70.1125,-22.0669,0.0365601,70.2184,-21.535,0.665314,71.0078,-21.7483,0.0365601,71.4032,-21.2966,0.0365295,71.0739,-21.5969,0.737915,71.4194,-21.5929,1.1955,71.1987,-22.174,1.65698,71.0113,-22.9787,1.28809,71.716,-22.058,1.29526,77.4532,-22.0617,0.0365601,78.6926,-22.8046,0.0365295,77.5884,-21.9181,1.34299,78.4868,-22.9458,1.29526,77.4532,-22.0617,0.0365295,76.4462,-21.5731,0.809021,76.3809,-21.622,0.0365295,77.5884,-21.9181,1.33331,76.1077,-21.7385,2.22684,76.4947,-22.3166,2.13751,78.1004,-23.1779,0.0365601,79.3726,-24.6594,1.39978,79.0999,-24.6755,0.290894,73.0441,-20.7387,0.0365601,73.0574,-20.4871,0.684082,72.9062,-21.2533,0.437073,73.1941,-21.1146,0.181885,74.2696,-21.4317,0.366028,74.3631,-21.7037,0.0365601,74.2878,-21.3482,0.665009,73.1548,-21.5335,0.737854,74.111,-21.7628,0.321198,74.554,-21.5943,0.0365601,74.5282,-21.4746,0.362976,74.9949,-21.3228,0.0365601,75.0579,-21.2724,1.59021,70.6131,-23.5079,2.5679,71.5607,-24.5741,2.79272,72.5159,-25.0003,2.54184,71.8184,-24.0045,2.54169,72.7402,-23.3336,0.804993,74.3596,-21.8765,1.41296,75.5422,-21.6074,0.905579,74.8171,-21.5672,2.30658,75.6186,-22.3816,2.73438,76.9114,-23.4502,2.76218,75.6288,-23.6045,2